"Data file recorded 2020/12/5  19:18:21"
  index,   time,    ref,ctrl_LR,ctrl_FB,ctrl_UD,ctrl_YA,  pitch,   roll,    yaw,    vgx,    vgy,    vgz,   templ,   temph,    tof,      h,    bat,   baro,   time,    agx,    agy,    agz
  0.000,  0.131,  0.000,  0.000,  0.000,  0.000,  0.000,  0.000,  0.000,  0.000,  0.000,  0.000,  0.000, 63.000, 66.000, 10.000,  0.000, 78.000,-28.870,  0.000,  1.000,  2.000,-998.000,  1.000,  1.000,  1.000,  1.000,  1.000,  1.000,  0.000,  0.000,  0.000
  1.000,  0.237,  0.000,  0.000,  0.000,  0.000,  0.000,  0.000,  0.000,  0.000,  0.000,  0.000,  0.000, 63.000, 66.000, 10.000,  0.000, 78.000,-28.850,  0.000,  2.000,  3.000,-1000.000,  1.000,  1.000,  1.000,  1.000,  1.000,  1.000,  0.000,  0.000,  0.000
  2.000,  0.348,  0.000,  0.000,  0.000,  0.000,  0.000,  0.000,  0.000,  0.000,  0.000,  0.000,  0.000, 63.000, 66.000, 10.000,  0.000, 78.000,-28.900,  0.000,  1.000,  0.000,-997.000,  1.000,  1.000,  1.000,  1.000,  1.000,  1.000,  0.000,  0.000,  0.000
  3.000,  0.434,  0.000,  0.000,  0.000,  0.000,  0.000,  0.000,  0.000,  0.000,  0.000,  0.000,  0.000, 63.000, 66.000, 10.000,  0.000, 78.000,-28.850,  0.000,  1.000,  2.000,-999.000,  1.000,  1.000,  1.000,  1.000,  1.000,  1.000,  0.000,  0.000,  0.000
  4.000,  0.535,  0.000,  0.000,  0.000,  0.000,  0.000,  0.000,  0.000,  0.000,  0.000,  0.000,  0.000, 63.000, 66.000, 10.000,  0.000, 78.000,-28.790,  0.000,  2.000,  2.000,-999.000,  1.000,  1.000,  1.000,  1.000,  1.000,  1.000,  0.000,  0.000,  0.000
  5.000,  0.675,  0.000,  0.000,  0.000,  0.000,  0.000,  0.000,  0.000,  0.000,  0.000,  0.000,  0.000, 63.000, 66.000, 10.000,  0.000, 78.000,-28.840,  0.000,  0.000,  2.000,-1001.000,  1.000,  1.000,  1.000,  1.000,  1.000,  1.000,  0.000,  0.000,  0.000
  6.000,  0.740,  0.000,  0.000,  0.000,  0.000,  0.000,  0.000,  0.000,  0.000,  0.000,  0.000,  0.000, 63.000, 66.000, 10.000,  0.000, 78.000,-28.870,  0.000,  2.000,  0.000,-998.000,  1.000,  1.000,  1.000,  1.000,  1.000,  1.000,  0.000,  0.000,  0.000
  7.000,  0.841,  0.000,  0.000,  0.000,  0.000,  0.000,  0.000,  0.000,  0.000,  0.000,  0.000,  0.000, 63.000, 66.000, 10.000,  0.000, 78.000,-28.890,  0.000,  2.000,  2.000,-1000.000,  1.000,  1.000,  1.000,  1.000,  1.000,  1.000,  0.000,  0.000,  0.000
  8.000,  0.943,  0.000,  0.000,  0.000,  0.000,  0.000,  0.000,  0.000,  0.000,  0.000,  0.000,  0.000, 63.000, 66.000, 10.000,  0.000, 78.000,-28.890,  0.000,  2.000,  2.000,-999.000,  1.000,  1.000,  1.000,  1.000,  1.000,  1.000,  0.000,  0.000,  0.000
  9.000,  1.047,  0.000,  0.000,  0.000,  0.000,  0.000,  0.000,  0.000,  0.000,  0.000,  0.000,  0.000, 63.000, 66.000, 10.000,  0.000, 78.000,-28.880,  0.000,  2.000,  1.000,-1000.000,  1.000,  1.000,  1.000,  1.000,  1.000,  1.000,  0.000,  0.000,  0.000
 10.000,  1.147,  0.000,  0.000,  0.000,  0.000,  0.000,  0.000,  0.000,  0.000,  0.000,  0.000,  0.000, 63.000, 66.000, 10.000,  0.000, 78.000,-28.900,  0.000,  1.000,  1.000,-997.000,  1.000,  1.000,  1.000,  1.000,  1.000,  1.000,  0.000,  0.000,  0.000
 11.000,  1.249,  0.000,  0.000,  0.000,  0.000,  0.000,  0.000,  0.000,  0.000,  0.000,  0.000,  0.000, 63.000, 66.000, 10.000,  0.000, 78.000,-28.860,  0.000,  2.000,  1.000,-1000.000,  1.000,  1.000,  1.000,  1.000,  1.000,  1.000,  0.000,  0.000,  0.000
 12.000,  1.351,  0.000,  0.000,  0.000,  0.000,  0.000,  0.000,  0.000,  0.000,  0.000,  0.000,  0.000, 63.000, 66.000, 10.000,  0.000, 78.000,-28.840,  0.000,  0.000,  2.000,-999.000,  1.000,  1.000,  1.000,  1.000,  1.000,  1.000,  0.000,  0.000,  0.000
 13.000,  1.457,  0.000,  0.000,  0.000,  0.000,  0.000,  0.000,  0.000,  0.000,  0.000,  0.000,  0.000, 63.000, 66.000, 10.000,  0.000, 78.000,-28.850,  0.000,  2.000,  2.000,-999.000,  1.000,  1.000,  1.000,  1.000,  1.000,  1.000,  0.000,  0.000,  0.000
 14.000,  1.556,  0.000,  0.000,  0.000,  0.000,  0.000,  0.000,  0.000,  0.000,  0.000,  0.000,  0.000, 63.000, 66.000, 10.000,  0.000, 78.000,-28.880,  0.000,  2.000,  1.000,-999.000,  1.000,  1.000,  1.000,  1.000,  1.000,  1.000,  0.000,  0.000,  0.000
 15.000,  1.660,  0.000,  0.000,  0.000,  0.000,  0.000,  0.000,  0.000,  0.000,  0.000,  0.000,  0.000, 63.000, 66.000, 10.000,  0.000, 78.000,-28.860,  0.000,  0.000,  1.000,-1000.000,  1.000,  1.000,  1.000,  1.000,  1.000,  1.000,  0.000,  0.000,  0.000
 16.000,  1.785,  0.000,  0.000,  0.000,  0.000,  0.000,  0.000,  0.000,  0.000,  0.000,  0.000,  0.000, 63.000, 65.000, 10.000,  0.000, 78.000,-28.830,  0.000,  1.000,  3.000,-999.000,  1.000,  1.000,  1.000,  1.000,  1.000,  1.000,  0.000,  0.000,  0.000
 17.000,  1.862,  0.000,  0.000,  0.000,  0.000,  0.000,  0.000,  0.000,  0.000,  0.000,  0.000,  0.000, 63.000, 65.000, 10.000,  0.000, 78.000,-28.890,  0.000,  1.000,  2.000,-999.000,  1.000,  1.000,  1.000,  1.000,  1.000,  1.000,  0.000,  0.000,  0.000
 18.000,  1.964,  0.000,  0.000,  0.000,  0.000,  0.000,  0.000,  0.000,  0.000,  0.000,  0.000,  0.000, 63.000, 65.000, 10.000,  0.000, 78.000,-28.830,  0.000,  2.000,  0.000,-998.000,  1.000,  1.000,  1.000,  1.000,  1.000,  1.000,  0.000,  0.000,  0.000
 19.000,  2.066,  0.000,  0.000,  0.000,  0.000,  0.000,  0.000,  0.000,  0.000,  0.000,  0.000,  0.000, 63.000, 65.000, 10.000,  0.000, 78.000,-28.890,  0.000,  1.000,  3.000,-1000.000,  1.000,  1.000,  1.000,  1.000,  1.000,  1.000,  0.000,  0.000,  0.000
 20.000,  2.117,  0.000,  0.000,  0.000,  0.000,  0.000,  0.000,  0.000,  0.000,  0.000,  0.000,  0.000, 63.000, 65.000, 10.000,  0.000, 78.000,-28.850,  0.000,  1.000,  1.000,-999.000,  1.000,  1.000,  1.000,  1.000,  1.000,  1.000,  0.000,  0.000,  0.000
 21.000,  2.219,  0.000,  0.000,  0.000,  0.000,  0.000,  0.000,  0.000,  0.000,  0.000,  0.000,  0.000, 63.000, 65.000, 10.000,  0.000, 78.000,-28.860,  0.000,  1.000,  3.000,-997.000,  1.000,  1.000,  1.000,  1.000,  1.000,  1.000,  0.000,  0.000,  0.000
 22.000,  2.322,  0.000,  0.000,  0.000,  0.000,  0.000,  0.000,  0.000,  0.000,  0.000,  0.000,  0.000, 63.000, 65.000, 10.000,  0.000, 78.000,-28.880,  0.000,  2.000,  2.000,-998.000,  1.000,  1.000,  1.000,  1.000,  1.000,  1.000,  0.000,  0.000,  0.000
 23.000,  2.441,  0.000,  0.000,  0.000,  0.000,  0.000,  0.000,  0.000,  0.000,  0.000,  0.000,  0.000, 63.000, 65.000, 10.000,  0.000, 78.000,-28.920,  0.000,  1.000,  2.000,-998.000,  1.000,  1.000,  1.000,  1.000,  1.000,  1.000,  0.000,  0.000,  0.000
 24.000,  2.574,  0.000,  0.000,  0.000,  0.000,  0.000,  0.000,  0.000,  0.000,  0.000,  0.000,  0.000, 63.000, 65.000, 10.000,  0.000, 78.000,-28.840,  0.000,  2.000,  2.000,-1000.000,  1.000,  1.000,  1.000,  1.000,  1.000,  1.000,  0.000,  0.000,  0.000
 25.000,  2.628,  0.000,  0.000,  0.000,  0.000,  0.000,  0.000,  0.000,  0.000,  0.000,  0.000,  0.000, 63.000, 65.000, 10.000,  0.000, 78.000,-28.840,  0.000,  3.000,  2.000,-999.000,  1.000,  1.000,  1.000,  1.000,  1.000,  1.000,  0.000,  0.000,  0.000
 26.000,  2.729,  0.000,  0.000,  0.000,  0.000,  0.000,  0.000,  0.000,  0.000,  0.000,  0.000,  0.000, 64.000, 66.000, 10.000,  0.000, 78.000,-28.830,  0.000,  1.000,  2.000,-996.000,  1.000,  1.000,  1.000,  1.000,  1.000,  1.000,  0.000,  0.000,  0.000
 27.000,  2.832,  0.000,  0.000,  0.000,  0.000,  0.000,  0.000,  0.000,  0.000,  0.000,  0.000,  0.000, 64.000, 66.000, 10.000,  0.000, 78.000,-28.820,  0.000,  1.000,  1.000,-999.000,  1.000,  1.000,  1.000,  1.000,  1.000,  1.000,  0.000,  0.000,  0.000
 28.000,  2.934,  0.000,  0.000,  0.000,  0.000,  0.000,  0.000,  0.000,  0.000,  0.000,  0.000,  0.000, 64.000, 66.000, 10.000,  0.000, 78.000,-28.890,  0.000,  0.000,  3.000,-1000.000,  1.000,  1.000,  1.000,  1.000,  1.000,  1.000,  0.000,  0.000,  0.000
 29.000,  3.036,  0.000,  0.000,  0.000,  0.000,  0.000,  0.000,  0.000,  0.000,  0.000,  0.000,  0.000, 64.000, 66.000, 10.000,  0.000, 78.000,-28.860,  0.000,  2.000,  1.000,-999.000,  1.000,  1.000,  1.000,  1.000,  1.000,  1.000,  0.000,  0.000,  0.000
 30.000,  3.138,  0.000,  0.000,  0.000,  0.000,  0.000,  0.000,  0.000,  0.000,  0.000,  0.000,  0.000, 64.000, 66.000, 10.000,  0.000, 78.000,-28.840,  0.000,  2.000,  1.000,-1001.000,  1.000,  1.000,  1.000,  1.000,  1.000,  1.000,  0.000,  0.000,  0.000
 31.000,  3.240,  0.000,  0.000,  0.000,  0.000,  0.000,  0.000,  0.000,  0.000,  0.000,  0.000,  0.000, 64.000, 66.000, 10.000,  0.000, 78.000,-28.860,  0.000,  2.000,  0.000,-999.000,  1.000,  1.000,  1.000,  1.000,  1.000,  1.000,  0.000,  0.000,  0.000
 32.000,  3.342,  0.000,  0.000,  0.000,  0.000,  0.000,  0.000,  0.000,  0.000,  0.000,  0.000,  0.000, 64.000, 66.000, 10.000,  0.000, 78.000,-28.810,  0.000,  2.000,  1.000,-1000.000,  1.000,  1.000,  1.000,  1.000,  1.000,  1.000,  0.000,  0.000,  0.000
 33.000,  3.444,  0.000,  0.000,  0.000,  0.000,  0.000,  0.000,  0.000,  0.000,  0.000,  0.000,  0.000, 64.000, 66.000, 10.000,  0.000, 78.000,-28.840,  0.000,  3.000,  1.000,-999.000,  1.000,  1.000,  1.000,  1.000,  1.000,  1.000,  0.000,  0.000,  0.000
 34.000,  3.545,  0.000,  0.000,  0.000,  0.000,  0.000,  0.000,  0.000,  0.000,  0.000,  0.000,  0.000, 64.000, 66.000, 10.000,  0.000, 78.000,-28.880,  0.000,  0.000,  1.000,-998.000,  1.000,  1.000,  1.000,  1.000,  1.000,  1.000,  0.000,  0.000,  0.000
 35.000,  3.652,  0.000,  0.000,  0.000,  0.000,  0.000,  0.000,  0.000,  0.000,  0.000,  0.000,  0.000, 64.000, 66.000, 10.000,  0.000, 78.000,-28.880,  0.000,  1.000,  3.000,-1001.000,  1.000,  1.000,  1.000,  1.000,  1.000,  1.000,  0.000,  0.000,  0.000
 36.000,  3.750,  0.000,  0.000,  0.000,  0.000,  0.000,  0.000,  0.000,  0.000,  0.000,  0.000,  0.000, 63.000, 66.000, 10.000,  0.000, 78.000,-28.850,  0.000,  2.000,  2.000,-1000.000,  1.000,  1.000,  1.000,  1.000,  1.000,  1.000,  0.000,  0.000,  0.000
 37.000,  3.852,  0.000,  0.000,  0.000,  0.000,  0.000,  0.000,  0.000,  0.000,  0.000,  0.000,  0.000, 63.000, 66.000, 10.000,  0.000, 78.000,-28.830,  0.000,  1.000,  2.000,-998.000,  1.000,  1.000,  1.000,  1.000,  1.000,  1.000,  0.000,  0.000,  0.000
 38.000,  3.954,  0.000,  0.000,  0.000,  0.000,  0.000,  0.000,  0.000,  0.000,  0.000,  0.000,  0.000, 63.000, 66.000, 10.000,  0.000, 78.000,-28.830,  0.000,  1.000,  1.000,-997.000,  1.000,  1.000,  1.000,  1.000,  1.000,  1.000,  0.000,  0.000,  0.000
 39.000,  4.057,  0.000,  0.000,  0.000,  0.000,  0.000,  0.000,  0.000,  0.000,  0.000,  0.000,  0.000, 63.000, 66.000, 10.000,  0.000, 78.000,-28.850,  0.000,  1.000,  2.000,-1000.000,  1.000,  1.000,  1.000,  1.000,  1.000,  1.000,  0.000,  0.000,  0.000
 40.000,  4.164,  0.000,  0.000,  0.000,  0.000,  0.000,  0.000,  0.000,  0.000,  0.000,  0.000,  0.000, 63.000, 66.000, 10.000,  0.000, 78.000,-28.830,  0.000,  2.000,  2.000,-1000.000,  1.000,  1.000,  1.000,  1.000,  1.000,  1.000,  0.000,  0.000,  0.000
 41.000,  4.261,  0.000,  0.000,  0.000,  0.000,  0.000,  0.000,  0.000,  0.000,  0.000,  0.000,  0.000, 63.000, 66.000, 10.000,  0.000, 78.000,-28.840,  0.000,  2.000,  1.000,-999.000,  1.000,  1.000,  1.000,  1.000,  1.000,  1.000,  0.000,  0.000,  0.000
 42.000,  4.363,  0.000,  0.000,  0.000,  0.000,  0.000,  0.000,  0.000,  0.000,  0.000,  0.000,  0.000, 63.000, 66.000, 10.000,  0.000, 78.000,-28.810,  0.000,  0.000,  2.000,-999.000,  1.000,  1.000,  1.000,  1.000,  1.000,  1.000,  0.000,  0.000,  0.000
 43.000,  4.465,  0.000,  0.000,  0.000,  0.000,  0.000,  0.000,  0.000,  0.000,  0.000,  0.000,  0.000, 63.000, 66.000, 10.000,  0.000, 78.000,-28.840,  0.000,  1.000,  2.000,-1000.000,  1.000,  1.000,  1.000,  1.000,  1.000,  1.000,  0.000,  0.000,  0.000
 44.000,  4.516,  0.000,  0.000,  0.000,  0.000,  0.000,  0.000,  0.000,  0.000,  0.000,  0.000,  0.000, 63.000, 66.000, 10.000,  0.000, 78.000,-28.840,  0.000,  2.000,  0.000,-998.000,  1.000,  1.000,  1.000,  1.000,  1.000,  1.000,  0.000,  0.000,  0.000
 45.000,  4.618,  0.000,  0.000,  0.000,  0.000,  0.000,  0.000,  0.000,  0.000,  0.000,  0.000,  0.000, 63.000, 66.000, 10.000,  0.000, 78.000,-28.820,  0.000,  2.000,  2.000,-999.000,  1.000,  1.000,  1.000,  1.000,  1.000,  1.000,  0.000,  0.000,  0.000
 46.000,  4.721,  0.000,  0.000,  0.000,  0.000,  0.000,  0.000,  0.000,  0.000,  0.000,  0.000,  0.000, 64.000, 66.000, 10.000,  0.000, 78.000,-28.810,  0.000,  2.000,  2.000,-1000.000,  1.000,  1.000,  1.000,  1.000,  1.000,  1.000,  0.000,  0.000,  0.000
 47.000,  4.824,  0.000,  0.000,  0.000,  0.000,  0.000,  0.000,  0.000,  0.000,  0.000,  0.000,  0.000, 64.000, 66.000, 10.000,  0.000, 78.000,-28.810,  0.000,  2.000,  2.000,-1000.000,  1.000,  1.000,  1.000,  1.000,  1.000,  1.000,  0.000,  0.000,  0.000
 48.000,  4.926,  0.000,  0.000,  0.000,  0.000,  0.000,  0.000,  0.000,  0.000,  0.000,  0.000,  0.000, 64.000, 66.000, 10.000,  0.000, 78.000,-28.770,  0.000,  1.000,  2.000,-999.000,  1.000,  1.000,  1.000,  1.000,  1.000,  1.000,  0.000,  0.000,  0.000
 49.000,  5.034,  0.000,  0.000,  0.000,  0.000,  0.000,  0.000,  0.000,  0.000,  0.000,  0.000,  0.000, 64.000, 66.000, 10.000,  0.000, 78.000,-28.800,  0.000,  1.000,  2.000,-998.000,  1.000,  1.000,  1.000,  1.000,  1.000,  1.000,  0.000,  0.000,  0.000
 50.000,  5.144,  0.000,  0.000,  0.000,  0.000,  0.000,  0.000,  0.000,  0.000,  0.000,  0.000,  0.000, 64.000, 66.000, 10.000,  0.000, 78.000,-28.810,  0.000,  1.000,  1.000,-1000.000,  1.000,  1.000,  1.000,  1.000,  1.000,  1.000,  0.000,  0.000,  0.000
 51.000,  5.229,  0.000,  0.000,  0.000,  0.000,  0.000,  0.000,  0.000,  0.000,  0.000,  0.000,  0.000, 64.000, 66.000, 10.000,  0.000, 78.000,-28.840,  0.000,  2.000,  2.000,-1002.000,  1.000,  1.000,  1.000,  1.000,  1.000,  1.000,  0.000,  0.000,  0.000
 52.000,  5.331,  0.000,  0.000,  0.000,  0.000,  0.000,  0.000,  0.000,  0.000,  0.000,  0.000,  0.000, 64.000, 66.000, 10.000,  0.000, 78.000,-28.820,  0.000,  0.000,  2.000,-1000.000,  1.000,  1.000,  1.000,  1.000,  1.000,  1.000,  0.000,  0.000,  0.000
 53.000,  5.433,  0.000,  0.000,  0.000,  0.000,  0.000,  0.000,  0.000,  0.000,  0.000,  0.000,  0.000, 64.000, 66.000, 10.000,  0.000, 78.000,-28.890,  0.000,  2.000,  2.000,-999.000,  1.000,  1.000,  1.000,  1.000,  1.000,  1.000,  0.000,  0.000,  0.000
 54.000,  5.536,  0.000,  0.000,  0.000,  0.000,  0.000,  0.000,  0.000,  0.000,  0.000,  0.000,  0.000, 64.000, 66.000, 10.000,  0.000, 78.000,-28.830,  0.000,  2.000,  1.000,-1001.000,  1.000,  1.000,  1.000,  1.000,  1.000,  1.000,  0.000,  0.000,  0.000
 55.000,  5.637,  0.000,  0.000,  0.000,  0.000,  0.000,  0.000,  0.000,  0.000,  0.000,  0.000,  0.000, 64.000, 66.000, 10.000,  0.000, 78.000,-28.800,  0.000,  2.000,  1.000,-1001.000,  1.000,  1.000,  1.000,  1.000,  1.000,  1.000,  0.000,  0.000,  0.000
 56.000,  5.739,  0.000,  0.000,  0.000,  0.000,  0.000,  0.000,  0.000,  0.000,  0.000,  0.000,  0.000, 65.000, 67.000, 10.000,  0.000, 78.000,-28.810,  0.000,  2.000,  1.000,-1001.000,  1.000,  1.000,  1.000,  1.000,  1.000,  1.000,  0.000,  0.000,  0.000
 57.000,  5.852,  0.000,  0.000,  0.000,  0.000,  0.000,  0.000,  0.000,  0.000,  0.000,  0.000,  0.000, 65.000, 67.000, 10.000,  0.000, 78.000,-28.840,  0.000,  3.000,  3.000,-1001.000,  1.000,  1.000,  1.000,  1.000,  1.000,  1.000,  0.000,  0.000,  0.000
 58.000,  5.943,  0.000,  0.000,  0.000,  0.000,  0.000,  0.000,  0.000,  0.000,  0.000,  0.000,  0.000, 65.000, 67.000, 10.000,  0.000, 78.000,-28.850,  0.000,  1.000,  2.000,-999.000,  1.000,  1.000,  1.000,  1.000,  1.000,  1.000,  0.000,  0.000,  0.000
 59.000,  6.046,  0.000,  0.000,  0.000,  0.000,  0.000,  0.000,  0.000,  0.000,  0.000,  0.000,  0.000, 65.000, 67.000, 10.000,  0.000, 78.000,-28.830,  0.000,  2.000,  1.000,-999.000,  1.000,  1.000,  1.000,  1.000,  1.000,  1.000,  0.000,  0.000,  0.000
 60.000,  6.147,  0.000,  0.000,  0.000,  0.000,  0.000,  0.000,  0.000,  0.000,  0.000,  0.000,  0.000, 65.000, 67.000, 10.000,  0.000, 78.000,-28.810,  0.000,  2.000,  2.000,-999.000,  1.000,  1.000,  1.000,  1.000,  1.000,  1.000,  0.000,  0.000,  0.000
 61.000,  6.250,  0.000,  0.000,  0.000,  0.000,  0.000,  0.000,  0.000,  0.000,  0.000,  0.000,  0.000, 65.000, 67.000, 10.000,  0.000, 78.000,-28.810,  0.000,  3.000,  1.000,-1000.000,  1.000,  1.000,  1.000,  1.000,  1.000,  1.000,  0.000,  0.000,  0.000
 62.000,  6.352,  0.000,  0.000,  0.000,  0.000,  0.000,  0.000,  0.000,  0.000,  0.000,  0.000,  0.000, 65.000, 67.000, 10.000,  0.000, 78.000,-28.860,  0.000,  1.000,  1.000,-999.000,  1.000,  1.000,  1.000,  1.000,  1.000,  1.000,  0.000,  0.000,  0.000
 63.000,  6.455,  0.000,  0.000,  0.000,  0.000,  0.000,  0.000,  0.000,  0.000,  0.000,  0.000,  0.000, 65.000, 67.000, 10.000,  0.000, 78.000,-28.820,  0.000,  3.000,  2.000,-1000.000,  1.000,  1.000,  1.000,  1.000,  1.000,  1.000,  0.000,  0.000,  0.000
 64.000,  6.558,  0.000,  0.000,  0.000,  0.000,  0.000,  0.000,  0.000,  0.000,  0.000,  0.000,  0.000, 65.000, 67.000, 10.000,  0.000, 78.000,-28.850,  0.000,  1.000,  1.000,-1001.000,  1.000,  1.000,  1.000,  1.000,  1.000,  1.000,  0.000,  0.000,  0.000
 65.000,  6.660,  0.000,  0.000,  0.000,  0.000,  0.000,  0.000,  0.000,  0.000,  0.000,  0.000,  0.000, 65.000, 67.000, 10.000,  0.000, 78.000,-28.830,  0.000,  2.000,  2.000,-1000.000,  1.000,  1.000,  1.000,  1.000,  1.000,  1.000,  0.000,  0.000,  0.000
 66.000,  6.760,  0.000,  0.000,  0.000,  0.000,  0.000,  0.000,  0.000,  0.000,  0.000,  0.000,  0.000, 65.000, 67.000, 10.000,  0.000, 78.000,-28.820,  0.000,  1.000,  2.000,-1000.000,  1.000,  1.000,  1.000,  1.000,  1.000,  1.000,  0.000,  0.000,  0.000
 67.000,  6.864,  0.000,  0.000,  0.000,  0.000,  0.000,  0.000,  0.000,  0.000,  0.000,  0.000,  0.000, 65.000, 67.000, 10.000,  0.000, 78.000,-28.800,  0.000,  2.000,  3.000,-997.000,  1.000,  1.000,  1.000,  1.000,  1.000,  1.000,  0.000,  0.000,  0.000
 68.000,  6.963,  0.000,  0.000,  0.000,  0.000,  0.000,  0.000,  0.000,  0.000,  0.000,  0.000,  0.000, 65.000, 67.000, 10.000,  0.000, 78.000,-28.850,  0.000,  2.000,  1.000,-1001.000,  1.000,  1.000,  1.000,  1.000,  1.000,  1.000,  0.000,  0.000,  0.000
 69.000,  7.065,  0.000,  0.000,  0.000,  0.000,  0.000,  0.000,  0.000,  0.000,  0.000,  0.000,  0.000, 65.000, 67.000, 10.000,  0.000, 78.000,-28.800,  0.000,  1.000,  2.000,-999.000,  1.000,  1.000,  1.000,  1.000,  1.000,  1.000,  0.000,  0.000,  0.000
 70.000,  7.117,  0.000,  0.000,  0.000,  0.000,  0.000,  0.000,  0.000,  0.000,  0.000,  0.000,  0.000, 65.000, 67.000, 10.000,  0.000, 78.000,-28.810,  0.000,  2.000,  1.000,-998.000,  1.000,  1.000,  1.000,  1.000,  1.000,  1.000,  0.000,  0.000,  0.000
 71.000,  7.219,  0.000,  0.000,  0.000,  0.000,  0.000,  0.000,  0.000,  0.000,  0.000,  0.000,  0.000, 65.000, 67.000, 10.000,  0.000, 78.000,-28.840,  0.000,  2.000,  1.000,-999.000,  1.000,  1.000,  1.000,  1.000,  1.000,  1.000,  0.000,  0.000,  0.000
 72.000,  7.321,  0.000,  0.000,  0.000,  0.000,  0.000,  0.000,  0.000,  0.000,  0.000,  0.000,  0.000, 65.000, 67.000, 10.000,  0.000, 78.000,-28.840,  0.000,  3.000,  1.000,-999.000,  1.000,  1.000,  1.000,  1.000,  1.000,  1.000,  0.000,  0.000,  0.000
 73.000,  7.423,  0.000,  0.000,  0.000,  0.000,  0.000,  0.000,  0.000,  0.000,  0.000,  0.000,  0.000, 65.000, 67.000, 10.000,  0.000, 78.000,-28.850,  0.000,  2.000,  1.000,-997.000,  1.000,  1.000,  1.000,  1.000,  1.000,  1.000,  0.000,  0.000,  0.000
 74.000,  7.526,  0.000,  0.000,  0.000,  0.000,  0.000,  0.000,  0.000,  0.000,  0.000,  0.000,  0.000, 65.000, 67.000, 10.000,  0.000, 78.000,-28.840,  0.000,  2.000,  2.000,-996.000,  1.000,  1.000,  1.000,  1.000,  1.000,  1.000,  0.000,  0.000,  0.000
 75.000,  7.628,  0.000,  0.000,  0.000,  0.000,  0.000,  0.000,  0.000,  0.000,  0.000,  0.000,  0.000, 65.000, 67.000, 10.000,  0.000, 78.000,-28.810,  0.000,  1.000,  2.000,-1000.000,  1.000,  1.000,  1.000,  1.000,  1.000,  1.000,  0.000,  0.000,  0.000
 76.000,  7.731,  0.000,  0.000,  0.000,  0.000,  0.000,  0.000,  0.000,  0.000,  0.000,  0.000,  0.000, 65.000, 67.000, 10.000,  0.000, 78.000,-28.810,  0.000,  0.000,  2.000,-1001.000,  1.000,  1.000,  1.000,  1.000,  1.000,  1.000,  0.000,  0.000,  0.000
 77.000,  7.832,  0.000,  0.000,  0.000,  0.000,  0.000,  0.000,  0.000,  0.000,  0.000,  0.000,  0.000, 65.000, 67.000, 10.000,  0.000, 78.000,-28.840,  0.000,  1.000,  1.000,-1000.000,  1.000,  1.000,  1.000,  1.000,  1.000,  1.000,  0.000,  0.000,  0.000
 78.000,  7.947,  0.000,  0.000,  0.000,  0.000,  0.000,  0.000,  0.000,  0.000,  0.000,  0.000,  0.000, 65.000, 67.000, 10.000,  0.000, 78.000,-28.820,  0.000,  2.000,  1.000,-1000.000,  1.000,  1.000,  1.000,  1.000,  1.000,  1.000,  0.000,  0.000,  0.000
 79.000,  8.035,  0.000,  0.000,  0.000,  0.000,  0.000,  0.000,  0.000,  0.000,  0.000,  0.000,  0.000, 65.000, 67.000, 10.000,  0.000, 78.000,-28.790,  0.000,  2.000,  3.000,-1001.000,  1.000,  1.000,  1.000,  1.000,  1.000,  1.000,  0.000,  0.000,  0.000
 80.000,  8.138,  0.000,  0.000,  0.000,  0.000,  0.000,  0.000,  0.000,  0.000,  0.000,  0.000,  0.000, 65.000, 67.000, 10.000,  0.000, 78.000,-28.780,  0.000,  2.000,  2.000,-1002.000,  1.000,  1.000,  1.000,  1.000,  1.000,  1.000,  0.000,  0.000,  0.000
 81.000,  8.239,  0.000,  0.000,  0.000,  0.000,  0.000,  0.000,  0.000,  0.000,  0.000,  0.000,  0.000, 65.000, 67.000, 10.000,  0.000, 78.000,-28.850,  0.000,  3.000,  2.000,-999.000,  1.000,  1.000,  1.000,  1.000,  1.000,  1.000,  0.000,  0.000,  0.000
 82.000,  8.353,  0.000,  0.000,  0.000,  0.000,  0.000,  0.000,  0.000,  0.000,  0.000,  0.000,  0.000, 65.000, 67.000, 10.000,  0.000, 78.000,-28.820,  0.000,  1.000,  2.000,-998.000,  1.000,  1.000,  1.000,  1.000,  1.000,  1.000,  0.000,  0.000,  0.000
 83.000,  8.444,  0.000,  0.000,  0.000,  0.000,  0.000,  0.000,  0.000,  0.000,  0.000,  0.000,  0.000, 65.000, 67.000, 10.000,  0.000, 78.000,-28.860,  0.000,  2.000,  3.000,-998.000,  1.000,  1.000,  1.000,  1.000,  1.000,  1.000,  0.000,  0.000,  0.000
 84.000,  8.546,  0.000,  0.000,  0.000,  0.000,  0.000,  0.000,  0.000,  0.000,  0.000,  0.000,  0.000, 65.000, 67.000, 10.000,  0.000, 78.000,-28.860,  0.000,  0.000,  1.000,-998.000,  1.000,  1.000,  1.000,  1.000,  1.000,  1.000,  0.000,  0.000,  0.000
 85.000,  8.647,  0.000,  0.000,  0.000,  0.000,  0.000,  0.000,  0.000,  0.000,  0.000,  0.000,  0.000, 65.000, 67.000, 10.000,  0.000, 78.000,-28.860,  0.000,  0.000,  2.000,-998.000,  1.000,  1.000,  1.000,  1.000,  1.000,  1.000,  0.000,  0.000,  0.000
 86.000,  8.750,  0.000,  0.000,  0.000,  0.000,  0.000,  0.000,  0.000,  0.000,  0.000,  0.000,  0.000, 65.000, 67.000, 10.000,  0.000, 78.000,-28.850,  0.000,  2.000,  0.000,-999.000,  1.000,  1.000,  1.000,  1.000,  1.000,  1.000,  0.000,  0.000,  0.000
 87.000,  8.852,  0.000,  0.000,  0.000,  0.000,  0.000,  0.000,  0.000,  0.000,  0.000,  0.000,  0.000, 65.000, 67.000, 10.000,  0.000, 78.000,-28.830,  0.000,  3.000,  2.000,-1000.000,  1.000,  1.000,  1.000,  1.000,  1.000,  1.000,  0.000,  0.000,  0.000
 88.000,  8.954,  0.000,  0.000,  0.000,  0.000,  0.000,  0.000,  0.000,  0.000,  0.000,  0.000,  0.000, 65.000, 67.000, 10.000,  0.000, 78.000,-28.860,  0.000,  1.000,  1.000,-998.000,  1.000,  1.000,  1.000,  1.000,  1.000,  1.000,  0.000,  0.000,  0.000
 89.000,  9.056,  0.000,  0.000,  0.000,  0.000,  0.000,  0.000,  0.000,  0.000,  0.000,  0.000,  0.000, 65.000, 67.000, 10.000,  0.000, 78.000,-28.850,  0.000,  3.000,  0.000,-1001.000,  1.000,  1.000,  1.000,  1.000,  1.000,  1.000,  0.000,  0.000,  0.000
 90.000,  9.158,  0.000,  0.000,  0.000,  0.000,  0.000,  0.000,  0.000,  0.000,  0.000,  0.000,  0.000, 65.000, 67.000, 10.000,  0.000, 78.000,-28.830,  0.000,  1.000,  0.000,-1000.000,  1.000,  1.000,  1.000,  1.000,  1.000,  1.000,  0.000,  0.000,  0.000
 91.000,  9.261,  0.000,  0.000,  0.000,  0.000,  0.000,  0.000,  0.000,  0.000,  0.000,  0.000,  0.000, 65.000, 67.000, 10.000,  0.000, 78.000,-28.880,  0.000,  1.000,  2.000,-998.000,  1.000,  1.000,  1.000,  1.000,  1.000,  1.000,  0.000,  0.000,  0.000
 92.000,  9.361,  0.000,  0.000,  0.000,  0.000,  0.000,  0.000,  0.000,  0.000,  0.000,  0.000,  0.000, 65.000, 67.000, 10.000,  0.000, 78.000,-28.860,  0.000,  1.000,  1.000,-998.000,  1.000,  1.000,  1.000,  1.000,  1.000,  1.000,  0.000,  0.000,  0.000
 93.000,  9.485,  0.000,  0.000,  0.000,  0.000,  0.000,  0.000,  0.000,  0.000,  0.000,  0.000,  0.000, 65.000, 67.000, 10.000,  0.000, 78.000,-28.860,  0.000,  2.000,  2.000,-998.000,  1.000,  1.000,  1.000,  1.000,  1.000,  1.000,  0.000,  0.000,  0.000
 94.000,  9.580,  0.000,  0.000,  0.000,  0.000,  0.000,  0.000,  0.000,  0.000,  0.000,  0.000,  0.000, 65.000, 67.000, 10.000,  0.000, 78.000,-28.840,  0.000,  2.000,  0.000,-999.000,  1.000,  1.000,  1.000,  1.000,  1.000,  1.000,  0.000,  0.000,  0.000
 95.000,  9.634,  0.000,  0.000,  0.000,  0.000,  0.000,  0.000,  0.000,  0.000,  0.000,  0.000,  0.000, 65.000, 67.000, 10.000,  0.000, 78.000,-28.880,  0.000,  2.000,  1.000,-1002.000,  1.000,  1.000,  1.000,  1.000,  1.000,  1.000,  0.000,  0.000,  0.000
 96.000,  9.718,  0.000,  0.000,  0.000,  0.000,  0.000,  0.000,  0.000,  0.000,  0.000,  0.000,  0.000, 64.000, 68.000, 10.000,  0.000, 78.000,-28.850,  0.000,  0.000,  2.000,-999.000,  1.000,  1.000,  1.000,  1.000,  1.000,  1.000,  0.000,  0.000,  0.000
 97.000,  9.821,  0.000,  0.000,  0.000,  0.000,  0.000,  0.000,  0.000,  0.000,  0.000,  0.000,  0.000, 64.000, 68.000, 10.000,  0.000, 78.000,-28.810,  0.000,  1.000,  2.000,-1000.000,  1.000,  1.000,  1.000,  1.000,  1.000,  1.000,  0.000,  0.000,  0.000
 98.000,  9.926,  0.000,  0.000,  0.000,  0.000,  0.000,  0.000,  0.000,  0.000,  0.000,  0.000,  0.000, 64.000, 68.000, 10.000,  0.000, 78.000,-28.840,  0.000,  1.000,  1.000,-999.000,  1.000,  1.000,  1.000,  1.000,  1.000,  1.000,  0.000,  0.000,  0.000
 99.000, 10.031,  0.000,  0.000,  0.000,  0.000,  0.000,  0.000,  0.000,  0.000,  0.000,  0.000,  0.000, 64.000, 68.000, 10.000,  0.000, 78.000,-28.820,  0.000,  1.000,  2.000,-1000.000,  1.000,  1.000,  1.000,  1.000,  1.000,  1.000,  0.000,  0.000,  0.000
100.000, 10.128,  0.000,  0.000,  0.000,  0.000,  0.000,  0.000,  0.000,  0.000,  0.000,  0.000,  0.000, 64.000, 68.000, 10.000,  0.000, 78.000,-28.840,  0.000,  2.000,  1.000,-1001.000,  1.000,  1.000,  1.000,  1.000,  1.000,  1.000,  0.000,  0.000,  0.000
101.000, 10.231,  0.000,  0.000,  0.000,  0.000,  0.000,  0.000,  0.000,  0.000,  0.000,  0.000,  0.000, 64.000, 68.000, 10.000,  0.000, 78.000,-28.810,  0.000,  1.000,  2.000,-1000.000,  1.000,  1.000,  1.000,  1.000,  1.000,  1.000,  0.000,  0.000,  0.000
102.000, 10.332,  0.000,  0.000,  0.000,  0.000,  0.000,  0.000,  0.000,  0.000,  0.000,  0.000,  0.000, 64.000, 68.000, 10.000,  0.000, 78.000,-28.800,  0.000,  1.000,  3.000,-997.000,  1.000,  1.000,  1.000,  1.000,  1.000,  1.000,  0.000,  0.000,  0.000
103.000, 10.433,  0.000,  0.000,  0.000,  0.000,  0.000,  0.000,  0.000,  0.000,  0.000,  0.000,  0.000, 64.000, 68.000, 10.000,  0.000, 78.000,-28.820,  0.000,  2.000,  2.000,-999.000,  1.000,  1.000,  1.000,  1.000,  1.000,  1.000,  0.000,  0.000,  0.000
104.000, 10.535,  0.000,  0.000,  0.000,  0.000,  0.000,  0.000,  0.000,  0.000,  0.000,  0.000,  0.000, 64.000, 68.000, 10.000,  0.000, 78.000,-28.830,  0.000,  1.000,  2.000,-999.000,  1.000,  1.000,  1.000,  1.000,  1.000,  1.000,  0.000,  0.000,  0.000
105.000, 10.638,  0.000,  0.000,  0.000,  0.000,  0.000,  0.000,  0.000,  0.000,  0.000,  0.000,  0.000, 64.000, 68.000, 10.000,  0.000, 78.000,-28.800,  0.000,  0.000,  1.000,-998.000,  1.000,  1.000,  1.000,  1.000,  1.000,  1.000,  0.000,  0.000,  0.000
106.000, 10.740,  0.000,  0.000,  0.000,  0.000,  0.000,  0.000,  0.000,  0.000,  0.000,  0.000,  0.000, 65.000, 68.000, 10.000,  0.000, 78.000,-28.810,  0.000,  1.000,  1.000,-1001.000,  1.000,  1.000,  1.000,  1.000,  1.000,  1.000,  0.000,  0.000,  0.000
107.000, 10.844,  0.000,  0.000,  0.000,  0.000,  0.000,  0.000,  0.000,  0.000,  0.000,  0.000,  0.000, 65.000, 68.000, 10.000,  0.000, 78.000,-28.800,  0.000,  2.000,  1.000,-997.000,  1.000,  1.000,  1.000,  1.000,  1.000,  1.000,  0.000,  0.000,  0.000
108.000, 10.944,  0.000,  0.000,  0.000,  0.000,  0.000,  0.000,  0.000,  0.000,  0.000,  0.000,  0.000, 65.000, 68.000, 10.000,  0.000, 78.000,-28.820,  0.000,  1.000,  1.000,-997.000,  1.000,  1.000,  1.000,  1.000,  1.000,  1.000,  0.000,  0.000,  0.000
109.000, 11.046,  0.000,  0.000,  0.000,  0.000,  0.000,  0.000,  0.000,  0.000,  0.000,  0.000,  0.000, 65.000, 68.000, 10.000,  0.000, 78.000,-28.810,  0.000,  1.000,  2.000,-997.000,  1.000,  1.000,  1.000,  1.000,  1.000,  1.000,  0.000,  0.000,  0.000
110.000, 11.148,  0.000,  0.000,  0.000,  0.000,  0.000,  0.000,  0.000,  0.000,  0.000,  0.000,  0.000, 65.000, 68.000, 10.000,  0.000, 78.000,-28.790,  0.000,  2.000,  2.000,-1001.000,  1.000,  1.000,  1.000,  1.000,  1.000,  1.000,  0.000,  0.000,  0.000
111.000, 11.250,  0.000,  0.000,  0.000,  0.000,  0.000,  0.000,  0.000,  0.000,  0.000,  0.000,  0.000, 65.000, 68.000, 10.000,  0.000, 78.000,-28.780,  0.000,  3.000,  3.000,-1001.000,  1.000,  1.000,  1.000,  1.000,  1.000,  1.000,  0.000,  0.000,  0.000
112.000, 11.354,  0.000,  0.000,  0.000,  0.000,  0.000,  0.000,  0.000,  0.000,  0.000,  0.000,  0.000, 65.000, 68.000, 10.000,  0.000, 78.000,-28.800,  0.000,  2.000,  1.000,-999.000,  1.000,  1.000,  1.000,  1.000,  1.000,  1.000,  0.000,  0.000,  0.000
113.000, 11.455,  0.000,  0.000,  0.000,  0.000,  0.000,  0.000,  0.000,  0.000,  0.000,  0.000,  0.000, 65.000, 68.000, 10.000,  0.000, 78.000,-28.800,  0.000,  3.000,  2.000,-1001.000,  1.000,  1.000,  1.000,  1.000,  1.000,  1.000,  0.000,  0.000,  0.000
114.000, 11.572,  0.000,  0.000,  0.000,  0.000,  0.000,  0.000,  0.000,  0.000,  0.000,  0.000,  0.000, 65.000, 68.000, 10.000,  0.000, 78.000,-28.790,  0.000,  2.000,  2.000,-999.000,  1.000,  1.000,  1.000,  1.000,  1.000,  1.000,  0.000,  0.000,  0.000
115.000, 11.623,  0.000,  0.000,  0.000,  0.000,  0.000,  0.000,  0.000,  0.000,  0.000,  0.000,  0.000, 65.000, 68.000, 10.000,  0.000, 78.000,-28.860,  0.000,  1.000,  1.000,-1000.000,  1.000,  1.000,  1.000,  1.000,  1.000,  1.000,  0.000,  0.000,  0.000
116.000, 11.720,  0.000,  0.000,  0.000,  0.000,  0.000,  0.000,  0.000,  0.000,  0.000,  0.000,  0.000, 65.000, 67.000, 10.000,  0.000, 78.000,-28.750,  0.000,  1.000,  1.000,-999.000,  1.000,  1.000,  1.000,  1.000,  1.000,  1.000,  0.000,  0.000,  0.000
117.000, 11.822,  0.000,  0.000,  0.000,  0.000,  0.000,  0.000,  0.000,  0.000,  0.000,  0.000,  0.000, 65.000, 67.000, 10.000,  0.000, 78.000,-28.810,  0.000,  4.000,  1.000,-997.000,  1.000,  1.000,  1.000,  1.000,  1.000,  1.000,  0.000,  0.000,  0.000
118.000, 11.925,  0.000,  0.000,  0.000,  0.000,  0.000,  0.000,  0.000,  0.000,  0.000,  0.000,  0.000, 65.000, 67.000, 10.000,  0.000, 77.000,-28.820,  0.000,  2.000,  2.000,-998.000,  1.000,  1.000,  1.000,  1.000,  1.000,  1.000,  0.000,  0.000,  0.000
119.000, 12.025,  0.000,  0.000,  0.000,  0.000,  0.000,  0.000,  0.000,  0.000,  0.000,  0.000,  0.000, 65.000, 67.000, 10.000,  0.000, 77.000,-28.850,  0.000,  1.000,  1.000,-998.000,  1.000,  1.000,  1.000,  1.000,  1.000,  1.000,  0.000,  0.000,  0.000
120.000, 12.127,  0.000,  0.000,  0.000,  0.000,  0.000,  0.000,  0.000,  0.000,  0.000,  0.000,  0.000, 65.000, 67.000, 10.000,  0.000, 77.000,-28.840,  0.000,  2.000,  2.000,-999.000,  1.000,  1.000,  1.000,  1.000,  1.000,  1.000,  0.000,  0.000,  0.000
121.000, 12.230,  0.000,  0.000,  0.000,  0.000,  0.000,  0.000,  0.000,  0.000,  0.000,  0.000,  0.000, 65.000, 67.000, 10.000,  0.000, 77.000,-28.760,  0.000,  0.000,  2.000,-998.000,  1.000,  1.000,  1.000,  1.000,  1.000,  1.000,  0.000,  0.000,  0.000
122.000, 12.337,  0.000,  0.000,  0.000,  0.000,  0.000,  0.000,  0.000,  0.000,  0.000,  0.000,  0.000, 65.000, 67.000, 10.000,  0.000, 77.000,-28.790,  0.000,  2.000,  2.000,-1000.000,  1.000,  1.000,  1.000,  1.000,  1.000,  1.000,  0.000,  0.000,  0.000
123.000, 12.438,  0.000,  0.000,  0.000,  0.000,  0.000,  0.000,  0.000,  0.000,  0.000,  0.000,  0.000, 65.000, 67.000, 10.000,  0.000, 77.000,-28.810,  0.000,  2.000,  2.000,-1001.000,  1.000,  1.000,  1.000,  1.000,  1.000,  1.000,  0.000,  0.000,  0.000
124.000, 12.535,  0.000,  0.000,  0.000,  0.000,  0.000,  0.000,  0.000,  0.000,  0.000,  0.000,  0.000, 65.000, 67.000, 10.000,  0.000, 77.000,-28.780,  0.000,  1.000,  4.000,-1000.000,  1.000,  1.000,  1.000,  1.000,  1.000,  1.000,  0.000,  0.000,  0.000
125.000, 12.637,  0.000,  0.000,  0.000,  0.000,  0.000,  0.000,  0.000,  0.000,  0.000,  0.000,  0.000, 65.000, 67.000, 10.000,  0.000, 77.000,-28.770,  0.000,  1.000,  1.000,-1000.000,  1.000,  1.000,  1.000,  1.000,  1.000,  1.000,  0.000,  0.000,  0.000
126.000, 12.740,  0.000,  0.000,  0.000,  0.000,  0.000,  0.000,  0.000,  0.000,  0.000,  0.000,  0.000, 66.000, 68.000, 10.000,  0.000, 77.000,-28.770,  0.000,  3.000,  1.000,-1000.000,  1.000,  1.000,  1.000,  1.000,  1.000,  1.000,  0.000,  0.000,  0.000
127.000, 12.841,  0.000,  0.000,  0.000,  0.000,  0.000,  0.000,  0.000,  0.000,  0.000,  0.000,  0.000, 66.000, 68.000, 10.000,  0.000, 77.000,-28.820,  0.000,  2.000,  0.000,-998.000,  1.000,  1.000,  1.000,  1.000,  1.000,  1.000,  0.000,  0.000,  0.000
128.000, 12.943,  0.000,  0.000,  0.000,  0.000,  0.000,  0.000,  0.000,  0.000,  0.000,  0.000,  0.000, 66.000, 68.000, 10.000,  0.000, 77.000,-28.790,  0.000,  2.000,  3.000,-998.000,  1.000,  1.000,  1.000,  1.000,  1.000,  1.000,  0.000,  0.000,  0.000
129.000, 13.046,  0.000,  0.000,  0.000,  0.000,  0.000,  0.000,  0.000,  0.000,  0.000,  0.000,  0.000, 66.000, 68.000, 10.000,  0.000, 77.000,-28.800,  0.000,  3.000,  2.000,-1000.000,  1.000,  1.000,  1.000,  1.000,  1.000,  1.000,  0.000,  0.000,  0.000
130.000, 13.148,  0.000,  0.000,  0.000,  0.000,  0.000,  0.000,  0.000,  0.000,  0.000,  0.000,  0.000, 66.000, 68.000, 10.000,  0.000, 77.000,-28.800,  0.000,  2.000,  1.000,-999.000,  1.000,  1.000,  1.000,  1.000,  1.000,  1.000,  0.000,  0.000,  0.000
131.000, 13.249,  0.000,  0.000,  0.000,  0.000,  0.000,  0.000,  0.000,  0.000,  0.000,  0.000,  0.000, 66.000, 68.000, 10.000,  0.000, 77.000,-28.800,  0.000,  2.000,  2.000,-1000.000,  1.000,  1.000,  1.000,  1.000,  1.000,  1.000,  0.000,  0.000,  0.000
132.000, 13.351,  0.000,  0.000,  0.000,  0.000,  0.000,  0.000,  0.000,  0.000,  0.000,  0.000,  0.000, 66.000, 68.000, 10.000,  0.000, 77.000,-28.800,  0.000,  0.000,  2.000,-1000.000,  1.000,  1.000,  1.000,  1.000,  1.000,  1.000,  0.000,  0.000,  0.000
133.000, 13.458,  0.000,  0.000,  0.000,  0.000,  0.000,  0.000,  0.000,  0.000,  0.000,  0.000,  0.000, 66.000, 68.000, 10.000,  0.000, 77.000,-28.800,  0.000,  6.000,  4.000,-998.000,  1.000,  1.000,  1.000,  1.000,  1.000,  1.000,  0.000,  0.000,  0.000
134.000, 13.556,  0.000,  0.000,  0.000,  0.000,  0.000,  0.000,  0.000,  0.000,  0.000,  0.000,  0.000, 66.000, 68.000, 10.000,  0.000, 77.000,-28.800,  0.000,  2.000,  3.000,-999.000,  1.000,  1.000,  1.000,  1.000,  1.000,  1.000,  0.000,  0.000,  0.000
135.000, 13.658,  0.000,  0.000,  0.000,  0.000,  0.000,  0.000,  0.000,  0.000,  0.000,  0.000,  0.000, 66.000, 68.000, 10.000,  0.000, 77.000,-28.800,  0.000, 11.000,  1.000,-990.000,  1.000,  1.000,  1.000,  1.000,  1.000,  1.000,  0.000,  0.000,  0.000
136.000, 13.760,  0.000,  0.000,  0.000,  0.000,  0.000,  0.000,  1.000,  0.000,  0.000,  0.000, -1.000, 66.000, 68.000, 10.000,  0.000, 77.000,-28.800,  0.000,  9.000,  0.000,-1001.000,  1.000,  1.000,  1.000,  1.000,  1.000,  1.000,  0.000,  0.000,  0.000
137.000, 13.862,  0.000,  0.000,  0.000,  0.000,  0.000,  0.000,  0.000,  0.000,  0.000,  0.000, -4.000, 66.000, 68.000, 10.000,  0.000, 77.000,-28.800,  0.000,  2.000,-13.000,-1111.000,  1.000,  1.000,  1.000,  1.000,  1.000,  1.000,  0.000,  0.000,  0.000
138.000, 13.964,  0.000,  0.000,  0.000,  0.000,  0.000,  0.000,  0.000,  0.000,  0.000,  0.000, -6.000, 66.000, 68.000, 12.000,  0.000, 77.000,-28.740,  0.000, -4.000,-12.000,-1248.000,  1.000,  1.000,  1.000,  1.000,  1.000,  1.000,  0.000,  0.000,  0.000
139.000, 14.107,  0.000,  0.000,  0.000,  0.000,  0.000,  0.000,  0.000,  0.000,  0.000,  0.000, -7.000, 66.000, 68.000, 22.000, 10.000, 77.000,-28.360,  0.000,  6.000, -5.000,-1288.000,  1.000,  1.000,  1.000,  1.000,  1.000,  1.000,  0.000,  0.000,  0.000
140.000, 14.159,  0.000,  0.000,  0.000,  0.000,  0.000,  0.000,  0.000,  0.000,  0.000,  0.000, -7.000, 66.000, 68.000, 30.000, 10.000, 77.000,-28.380,  0.000,-31.000, -1.000,-1127.000,  1.000,  1.000,  1.000,  1.000,  1.000,  1.000,  0.000,  0.000,  0.000
141.000, 14.220,  0.000,  0.000,  0.000,  0.000,  0.000,  0.000,  0.000,  0.000,  0.000,  0.000, -7.000, 66.000, 68.000, 38.000, 20.000, 77.000,-28.260,  1.000,  6.000,-16.000,-1029.000,  1.000,  1.000,  1.000,  1.000,  1.000,  1.000,  0.000,  0.000,  0.000
142.000, 14.330,  0.000,  0.000,  0.000,  0.000,  0.000,  0.000,  0.000,  0.000,  0.000,  0.000, -6.000, 66.000, 68.000, 46.000, 30.000, 77.000,-28.280,  1.000, -4.000, -6.000,-982.000,  1.000,  1.000,  1.000,  1.000,  1.000,  1.000,  0.000,  0.000,  0.000
143.000, 14.423,  0.000,  0.000,  0.000,  0.000,  0.000,  0.000,  0.000,  0.000,  0.000,  0.000, -5.000, 66.000, 68.000, 53.000, 30.000, 77.000,-28.190,  1.000, 12.000,-12.000,-948.000,  1.000,  1.000,  1.000,  1.000,  1.000,  1.000,  0.000,  0.000,  0.000
144.000, 14.525,  0.000,  0.000,  0.000,  0.000,  0.000,  0.000,  0.000,  0.000,  0.000,  0.000, -4.000, 66.000, 68.000, 57.000, 40.000, 77.000,-28.110,  1.000, 14.000,-13.000,-915.000,  1.000,  1.000,  1.000,  1.000,  1.000,  1.000,  0.000,  0.000,  0.000
145.000, 14.627,  0.000,  0.000,  0.000,  0.000,  0.000,  0.000,  0.000,  0.000,  0.000,  0.000, -3.000, 66.000, 68.000, 63.000, 40.000, 77.000,-28.070,  1.000,-14.000,  8.000,-913.000,  1.000,  1.000,  1.000,  1.000,  1.000,  1.000,  0.000,  0.000,  0.000
146.000, 14.733,  0.000,  0.000,  0.000,  0.000,  0.000,  0.000,  0.000,  0.000,  0.000,  0.000, -2.000, 66.000, 68.000, 67.000, 40.000, 77.000,-27.970,  1.000,  2.000,  2.000,-897.000,  1.000,  1.000,  1.000,  1.000,  1.000,  1.000,  0.000,  0.000,  0.000
147.000, 14.832,  0.000,  0.000,  0.000,  0.000,  0.000,  0.000,  0.000,  0.000,  0.000,  0.000, -2.000, 66.000, 68.000, 71.000, 50.000, 77.000,-27.930,  1.000,  7.000, -5.000,-909.000,  1.000,  1.000,  1.000,  1.000,  1.000,  1.000,  0.000,  0.000,  0.000
148.000, 14.936,  0.000,  0.000,  0.000,  0.000,  0.000,  0.000,  0.000,  0.000,  0.000,  0.000, -1.000, 66.000, 68.000, 74.000, 50.000, 77.000,-27.910,  1.000, 18.000,-10.000,-908.000,  1.000,  1.000,  1.000,  1.000,  1.000,  1.000,  0.000,  0.000,  0.000
149.000, 15.035,  0.000,  0.000,  0.000,  0.000,  0.000,  0.000,  0.000,  0.000,  0.000,  0.000, -1.000, 66.000, 68.000, 76.000, 50.000, 77.000,-27.880,  1.000, -6.000, -1.000,-927.000,  0.247, -0.278,  0.716, -2.991,  0.156, -0.237,  0.000,  0.000,  0.000
150.000, 15.142,  0.000,  0.000,  0.000,  0.000,  0.000, -1.000,  0.000,  0.000,  0.000,  0.000,  0.000, 66.000, 68.000, 79.000, 50.000, 77.000,-27.840,  1.000, 10.000,-13.000,-942.000,  0.256, -0.247,  0.731, -3.034,  0.135, -0.190,  0.000,  0.000,  0.000
151.000, 15.238,  0.000,  0.000,  0.000,  0.000,  0.000,  0.000,  0.000,  0.000,  0.000,  0.000,  0.000, 66.000, 68.000, 81.000, 50.000, 77.000,-27.830,  2.000, -7.000,  0.000,-975.000,  0.272, -0.214,  0.756,  3.208, -0.128,  0.095,  0.000,  0.000,  0.000
152.000, 15.340,  0.000,  0.000,  0.000,  0.000,  0.000,  0.000,  0.000,  0.000,  0.000,  0.000,  0.000, 66.000, 68.000, 82.000, 50.000, 77.000,-27.840,  2.000, -5.000,  7.000,-981.000,  0.275, -0.196,  0.755, -2.518,  0.018,  1.074,  0.000,  0.000,  0.000
153.000, 15.442,  0.000,  0.000,  0.000,  0.000,  0.000,  0.000,  0.000,  0.000,  0.000,  0.000,  0.000, 66.000, 68.000, 84.000, 60.000, 77.000,-27.820,  2.000,  2.000, -9.000,-986.000,  0.293, -0.174,  0.785, -3.092,  0.086, -0.017,  0.000,  0.000,  0.000
154.000, 15.545,  0.000,  0.000,  0.000,  0.000,  0.000,  0.000,  0.000,  0.000,  0.000,  0.000,  0.000, 66.000, 68.000, 84.000, 60.000, 77.000,-27.810,  2.000, -2.000,  0.000,-984.000,  0.292, -0.158,  0.772, -3.088,  0.091, -0.182,  0.000,  0.000,  0.000
155.000, 15.649,  0.000,  0.000,  0.000,  0.000,  0.000,  0.000,  0.000,  0.000,  0.000,  0.000,  0.000, 66.000, 68.000, 84.000, 60.000, 77.000,-27.790,  2.000, 10.000, -3.000,-976.000,  0.302, -0.137,  0.784, -3.072,  0.102, -0.132,  0.000,  0.000,  0.000
156.000, 15.760,  0.000,  0.000,  0.000,  0.000,  0.000, -1.000,  0.000,  0.000,  0.000,  0.000,  0.000, 66.000, 69.000, 84.000, 60.000, 77.000,-27.810,  2.000,  4.000, -8.000,-982.000,  0.311, -0.129,  0.797, -3.069,  0.033, -0.140,  0.000,  0.000,  0.000
157.000, 15.851,  0.000,  0.000,  0.000,  0.000,  0.000, -1.000,  0.000,  0.000,  0.000,  0.000,  0.000, 66.000, 69.000, 84.000, 60.000, 77.000,-27.730,  2.000, -5.000,  0.000,-986.000,  0.311, -0.110,  0.781,  3.170, -0.062,  0.196,  0.000,  0.000,  0.000
158.000, 15.953,  0.000,  0.000,  0.000,  0.000,  0.000, -1.000,  0.000,  0.000,  0.000,  0.000,  0.000, 66.000, 69.000, 83.000, 60.000, 77.000,-27.760,  2.000, -9.000,  5.000,-984.000,  0.325, -0.100,  0.804, -3.109,  0.053, -0.106,  0.000,  0.000,  0.000
159.000, 16.055,  0.000,  0.000,  0.000,  0.000,  0.000, -1.000,  0.000,  0.000,  0.000,  0.000,  0.000, 66.000, 69.000, 83.000, 60.000, 77.000,-27.780,  2.000, -7.000,  3.000,-992.000,  0.334, -0.092,  0.817, -2.714,  0.042,  1.225,  0.000,  0.000,  0.000
160.000, 16.157,  0.000,  0.000,  0.000,  0.000,  0.000, -1.000,  0.000,  0.000,  0.000,  0.000,  0.000, 66.000, 69.000, 83.000, 60.000, 77.000,-27.760,  2.000, -1.000,  1.000,-985.000,  0.340, -0.083,  0.815, -3.105,  0.079, -0.114,  0.000,  0.000,  0.000
161.000, 16.259,  0.000,  0.000,  0.000,  0.000,  0.000, -1.000,  0.000,  0.000,  0.000,  0.000,  0.000, 66.000, 69.000, 84.000, 60.000, 77.000,-27.770,  3.000,-11.000, -1.000,-992.000,  0.360, -0.079,  0.856, -3.088,  0.080,  0.217,  0.000,  0.000,  0.000
162.000, 16.362,  0.000,  0.000,  0.000,  0.000,  0.000, -1.000,  0.000,  0.000,  0.000,  0.000,  0.000, 66.000, 69.000, 83.000, 60.000, 77.000,-27.730,  3.000,-26.000,  8.000,-996.000,  0.357, -0.073,  0.840,  3.159, -0.071,  0.009,  0.000,  0.000,  0.000
163.000, 16.465,  0.000,  0.000,  0.000,  0.000,  0.000, -1.000,  0.000,  0.000,  0.000,  0.000,  0.000, 66.000, 69.000, 84.000, 60.000, 77.000,-27.760,  3.000, -4.000, -2.000,-998.000,  0.349, -0.068,  0.815, -3.114,  0.026, -0.110,  0.000,  0.000,  0.000
164.000, 16.566,  0.000,  0.000,  0.000,  0.000,  0.000,  0.000,  0.000,  0.000,  0.000,  0.000,  0.000, 66.000, 69.000, 85.000, 60.000, 77.000,-27.740,  3.000, -2.000,-12.000,-994.000,  0.359, -0.064,  0.827, -3.109,  0.102, -0.105,  0.000,  0.000,  0.000
165.000, 16.617,  0.000,  0.000,  0.000,  0.000,  0.000,  0.000,  0.000,  0.000,  0.000,  0.000,  0.000, 66.000, 69.000, 85.000, 60.000, 77.000,-27.710,  3.000,-18.000,  5.000,-1006.000,  0.360, -0.063,  0.827, -3.109,  0.102, -0.105,  0.000,  0.000,  0.000
166.000, 16.769,  0.000,  0.000,  0.000,  0.000,  0.000,  0.000,  0.000,  0.000,  0.000,  0.000,  0.000, 66.000, 68.000, 86.000, 60.000, 77.000,-27.720,  3.000,  8.000,-15.000,-989.000,  0.353, -0.054,  0.802, -3.128,  0.059, -0.236,  0.000,  0.000,  0.000
167.000, 16.872,  0.000,  0.000,  0.000,  0.000,  0.000,  0.000,  0.000,  0.000,  0.000,  0.000,  0.000, 66.000, 68.000, 86.000, 60.000, 77.000,-27.710,  3.000, 10.000,-13.000,-994.000,  0.363, -0.054,  0.827,  2.889, -0.071, -1.395,  0.000,  0.000,  0.000
168.000, 16.973,  0.000,  0.000,  0.000,  0.000,  0.000,  0.000,  0.000,  0.000,  0.000,  0.000,  0.000, 66.000, 68.000, 86.000, 60.000, 77.000,-27.700,  3.000,  1.000,-13.000,-979.000,  0.360, -0.052,  0.816, -2.728,  0.043,  1.411,  0.000,  0.000,  0.000
169.000, 17.075,  0.000,  0.000,  0.000,  0.000,  0.000,  0.000,  0.000,  0.000,  0.000,  0.000,  0.000, 66.000, 68.000, 86.000, 60.000, 77.000,-27.730,  3.000, -7.000, -1.000,-983.000,  0.366, -0.050,  0.827, -3.150,  0.049, -0.058,  0.000,  0.000,  0.000
170.000, 17.185,  0.000,  0.000,  0.000,  0.000,  0.000,  0.000,  0.000,  0.000,  0.000,  0.000,  0.000, 66.000, 68.000, 85.000, 60.000, 77.000,-27.720,  3.000,  2.000,-13.000,-992.000,  0.367, -0.050,  0.829, -3.112,  0.001, -0.101,  0.000,  0.000,  0.000
171.000, 17.236,  0.000,  0.000,  0.000,  0.000,  0.000,  0.000,  0.000,  0.000,  0.000,  0.000,  0.000, 66.000, 68.000, 84.000, 60.000, 77.000,-27.670,  4.000, -1.000, -4.000,-992.000,  0.367, -0.050,  0.829, -3.112,  0.001, -0.101,  0.000,  0.000,  0.000
172.000, 17.330,  0.000,  0.000,  0.000,  0.000,  0.000,  0.000,  0.000,  0.000,  0.000,  0.000,  0.000, 66.000, 68.000, 82.000, 60.000, 77.000,-27.670,  4.000, -9.000,  6.000,-1002.000,  0.361, -0.048,  0.814,  3.188, -0.074,  0.156,  0.000,  0.000,  0.000
173.000, 17.432,  0.000,  0.000,  0.000,  0.000,  0.000,  0.000,  0.000,  0.000,  0.000,  0.000,  0.000, 66.000, 68.000, 79.000, 60.000, 77.000,-27.720,  4.000, -1.000,-12.000,-997.000,  0.366, -0.048,  0.827, -3.048,  0.096, -0.104,  0.000,  0.000,  0.000
174.000, 17.535,  0.000,  0.000,  0.000,  0.000,  0.000, -1.000,  0.000,  0.000,  0.000,  0.000,  0.000, 66.000, 68.000, 77.000, 60.000, 77.000,-27.690,  4.000, -6.000, -3.000,-1004.000,  0.370, -0.048,  0.840,  3.162, -0.072,  0.008,  0.000,  0.000,  0.000
175.000, 17.637,  0.000,  0.000,  0.000,  0.000,  0.000, -1.000,  0.000,  0.000,  0.000,  0.000,  0.000, 66.000, 68.000, 76.000, 60.000, 77.000,-27.710,  4.000,-10.000,  0.000,-1019.000,  0.368, -0.048,  0.841,  3.193, -0.073,  0.063,  0.000,  0.000,  0.000
176.000, 17.739,  0.000,  0.000,  0.000,  0.000,  0.000, -1.000,  0.000,  0.000,  0.000,  0.000,  0.000, 66.000, 69.000, 75.000, 60.000, 77.000,-27.710,  4.000,  6.000,-10.000,-1011.000,  0.360, -0.049,  0.828, -3.111,  0.051, -0.107,  0.000,  0.000,  0.000
177.000, 17.849,  0.000,  0.000,  0.000,  0.000,  0.000, -1.000,  0.000,  0.000,  0.000,  0.000,  0.000, 66.000, 69.000, 76.000, 60.000, 77.000,-27.660,  4.000,  5.000, -2.000,-1017.000,  0.363, -0.052,  0.840,  3.164, -0.077,  0.117,  0.000,  0.000,  0.000
178.000, 17.942,  0.000,  0.000,  0.000,  0.000,  0.000,  0.000,  0.000,  0.000,  0.000,  0.000,  0.000, 66.000, 69.000, 77.000, 60.000, 77.000,-27.720,  4.000,  0.000,-18.000,-1019.000,  0.367, -0.054,  0.855, -3.079,  0.094,  0.058,  0.000,  0.000,  0.000
179.000, 18.044,  0.000,-100.000,100.000, 16.000,  0.000,  0.000,  0.000,  0.000,  0.000,  0.000,  0.000, 66.000, 69.000, 78.000, 50.000, 77.000,-27.710,  4.000,  0.000, -6.000,-1013.000,  0.365, -0.054,  0.854, -3.112,  0.099, -0.005,  0.500,  0.000,  0.500
180.000, 18.146,  0.000,-15.000, 31.000,  5.000,  0.000,  0.000,  0.000,  0.000,  0.000,  0.000,  0.000, 66.000, 69.000, 78.000, 50.000, 77.000,-27.780,  4.000,-12.000, -4.000,-1024.000,  0.358, -0.053,  0.841,  3.194, -0.073,  0.068,  0.500,  0.000,  0.500
181.000, 18.249,  0.000,-21.000, 18.000,  5.000,  0.000,  0.000,  0.000,  0.000,  0.000,  0.000,  0.000, 66.000, 69.000, 79.000, 60.000, 77.000,-27.700,  5.000,-33.000,  1.000,-1015.000,  0.368, -0.050,  0.865,  3.249, -0.130, -0.108,  0.500,  0.000,  0.500
182.000, 18.350,  0.000, -3.000, 58.000,  4.000,  0.000,  0.000,  0.000,  0.000,  0.000,  0.000,  0.000, 66.000, 69.000, 79.000, 60.000, 77.000,-27.710,  5.000,  6.000,-10.000,-989.000,  0.351, -0.042,  0.827,  3.160, -0.048,  0.116,  0.500,  0.000,  0.500
183.000, 18.452,  0.000,-32.000, -6.000,  3.000,  0.000,  0.000,  0.000,  0.000,  0.000,  0.000,  0.000, 66.000, 69.000, 80.000, 60.000, 77.000,-27.690,  5.000,  4.000, -5.000,-995.000,  0.362, -0.036,  0.852,  3.198, -0.102,  0.083,  0.500,  0.000,  0.500
184.000, 18.555,  0.000, -3.000, 57.000,  2.000,  0.000, -1.000,  0.000,  0.000,  0.000,  0.000,  0.000, 66.000, 69.000, 81.000, 60.000, 77.000,-27.730,  5.000,-11.000,  4.000,-1000.000,  0.367, -0.027,  0.870, -2.913,  0.006,  1.091,  0.500,  0.000,  0.500
185.000, 18.657,  0.000, -8.000, 53.000,  1.000,  0.000,  0.000,  0.000,  0.000,  0.000,  0.000,  0.000, 66.000, 69.000, 82.000, 60.000, 77.000,-27.650,  5.000, -2.000,  4.000,-984.000,  0.354, -0.021,  0.839,  3.162, -0.075,  0.128,  0.500,  0.000,  0.500
186.000, 18.762,  0.000,-27.000,  1.000,  1.000,  0.000,  0.000,  0.000,  0.000,  0.000,  0.000,  0.000, 66.000, 68.000, 83.000, 60.000, 77.000,-27.700,  5.000,-21.000, 13.000,-1011.000,  0.359, -0.010,  0.850,  3.198, -0.100,  0.092,  0.500,  0.000,  0.500
187.000, 18.861,  0.000,-10.000, 44.000,  0.000,  0.000,  0.000,  0.000,  0.000,  0.000,  0.000,  0.000, 66.000, 68.000, 85.000, 60.000, 77.000,-27.670,  5.000,  8.000,-10.000,-985.000,  0.366, -0.001,  0.868, -2.929,  0.052,  1.252,  0.500,  0.000,  0.500
188.000, 18.964,  0.000, -7.000, 53.000, -1.000,  0.000,  0.000,  0.000,  0.000,  0.000,  0.000,  0.000, 66.000, 68.000, 88.000, 60.000, 77.000,-27.700,  5.000, 11.000,-12.000,-993.000,  0.355,  0.006,  0.839, -2.888,  0.034,  1.418,  0.500,  0.000,  0.500
189.000, 19.064,  0.000,-26.000,  4.000, -1.000,  0.000,  0.000,  0.000,  0.000,  0.000,  0.000,  0.000, 66.000, 68.000, 89.000, 60.000, 77.000,-27.730,  5.000,  4.000,-15.000,-965.000,  0.368,  0.011,  0.867, -2.951,  0.053,  1.267,  0.500,  0.000,  0.500
190.000, 19.166,  0.000, -1.000, 64.000, -1.000,  0.000,  0.000,  0.000,  0.000,  0.000,  0.000,  0.000, 66.000, 68.000, 90.000, 60.000, 77.000,-27.700,  5.000, -7.000, -2.000,-976.000,  0.364,  0.019,  0.852, -3.107,  0.050, -0.018,  0.500,  0.000,  0.500
191.000, 19.276,  0.000,-18.000, 20.000, -3.000,  0.000,  0.000,  0.000,  0.000,  0.000,  0.000,  0.000, 66.000, 68.000, 90.000, 60.000, 77.000,-27.700,  6.000,-10.000,-10.000,-974.000,  0.363,  0.024,  0.847,  3.196, -0.098,  0.096,  0.500,  0.000,  0.500
192.000, 19.387,  0.000,-15.000, 30.000, -3.000,  0.000, -1.000,  0.000,  0.000,  0.000,  0.000,  0.000, 66.000, 68.000, 83.000, 60.000, 77.000,-27.690,  6.000, -2.000, -9.000,-976.000,  0.372,  0.031,  0.866, -3.099,  0.079, -0.011,  0.500,  0.000,  0.500
193.000, 19.475,  0.000, -5.000, 55.000, -4.000,  0.000, -3.000,  0.000,  0.000,  0.000,  0.000,  0.000, 66.000, 68.000, 75.000, 60.000, 77.000,-27.680,  6.000,-12.000, -4.000,-975.000,  0.372,  0.033,  0.861,  3.193, -0.125,  0.090,  0.500,  0.000,  0.500
194.000, 19.577,  0.000,-14.000, 32.000, -3.000,  0.000, -4.000,  0.000,  0.000,  1.000,  0.000,  0.000, 66.000, 68.000, 82.000, 60.000, 77.000,-27.650,  6.000,-22.000,  5.000,-994.000,  0.370,  0.032,  0.852,  3.167, -0.048,  0.016,  0.500,  0.000,  0.500
195.000, 19.679,  0.000,-17.000, 26.000, -2.000,  0.000, -3.000,  0.000,  0.000,  1.000,  0.000,  0.000, 66.000, 68.000, 86.000, 60.000, 77.000,-27.760,  6.000, -9.000,-21.000,-984.000,  0.367,  0.030,  0.846,  2.674, -0.035, -1.307,  0.500,  0.000,  0.500
196.000, 19.782,  0.000,-17.000, 30.000, -2.000,  0.000, -4.000,  0.000,  0.000,  2.000,  0.000,  0.000, 66.000, 68.000, 91.000, 60.000, 77.000,-27.720,  6.000,-13.000,  7.000,-1007.000,  0.378,  0.028,  0.859, -3.059,  0.129,  0.020,  0.500,  0.000,  0.500
197.000, 19.883,  0.000, -3.000, 50.000, -2.000,  0.000, -3.000,  0.000,  0.000,  2.000,  0.000,  0.000, 66.000, 68.000, 97.000, 60.000, 77.000,-27.760,  6.000,-28.000, -3.000,-1018.000,  0.374,  0.021,  0.839, -2.898,  0.055,  1.413,  0.500,  0.000,  0.500
198.000, 19.985,  0.000,-18.000, 15.000,  0.000,  0.000, -2.000,  0.000,  0.000,  3.000,  0.000,  0.000, 66.000, 68.000, 98.000, 60.000, 77.000,-27.770,  6.000,-13.000,-10.000,-1010.000,  0.375,  0.016,  0.826, -3.116,  0.045, -0.105,  0.500,  0.000,  0.500
199.000, 20.087,  0.000,-13.000, 21.000,  0.000,  0.000, -2.000,  0.000,  0.000,  3.000,  0.000,  0.000, 66.000, 68.000, 98.000, 60.000, 77.000,-27.720,  6.000,-41.000, 10.000,-1005.000,  0.382,  0.010,  0.823,  3.193, -0.097,  0.059,  0.500,  0.000,  0.500
200.000, 20.189,  0.000, -6.000, 32.000,  0.000,  0.000, -2.000,  0.000,  0.000,  3.000,  0.000,  0.000, 66.000, 68.000, 97.000, 60.000, 77.000,-27.700,  6.000,-31.000, 10.000,-995.000,  0.377,  0.007,  0.799,  3.192, -0.044,  0.050,  0.500,  0.000,  0.500
201.000, 20.291,  0.000,-19.000,  8.000,  0.000,  0.000, -2.000,  0.000,  0.000,  3.000,  0.000,  0.000, 66.000, 68.000, 97.000, 60.000, 77.000,-27.700,  7.000,-11.000, -9.000,-994.000,  0.380,  0.002,  0.775,  3.188, -0.091,  0.037,  0.500,  0.000,  0.500
202.000, 20.395,  0.000,-11.000,  6.000,  0.000,  0.000, -1.000,  0.000,  0.000,  3.000,  0.000,  0.000, 66.000, 68.000, 97.000, 60.000, 77.000,-27.700,  7.000,-45.000,  0.000,-998.000,  0.388, -0.001,  0.765,  2.739, -0.024, -1.408,  0.500,  0.000,  0.500
203.000, 20.505,  0.000, -6.000, 20.000,  0.000,  0.000, -1.000,  0.000,  0.000,  3.000,  0.000,  0.000, 66.000, 68.000, 96.000, 60.000, 77.000,-27.690,  7.000,-29.000,  8.000,-999.000,  0.396, -0.003,  0.751, -3.061,  0.088,  0.030,  0.500,  0.000,  0.500
204.000, 20.597,  0.000, -5.000, 14.000,  0.000,  0.000, -1.000,  0.000,  0.000,  2.000,  0.000,  0.000, 66.000, 68.000, 96.000, 60.000, 77.000,-27.770,  7.000,-25.000,  9.000,-1000.000,  0.396, -0.005,  0.719, -3.077,  0.060, -0.031,  0.500,  0.000,  0.500
205.000, 20.648,  0.000, -5.000, 14.000,  0.000,  0.000,  0.000,  0.000,  0.000,  2.000,  0.000,  0.000, 66.000, 68.000, 96.000, 60.000, 77.000,-27.660,  7.000, -7.000,  0.000,-1003.000,  0.412, -0.007,  0.728,  3.207, -0.087, -0.058,  0.500,  0.000,  0.500
206.000, 20.751,  0.000,  5.000,  4.000,  1.000,  0.000,  0.000,  0.000,  0.000,  2.000, -1.000,  0.000, 65.000, 68.000, 95.000, 60.000, 77.000,-27.720,  7.000,-24.000,  4.000,-994.000,  0.414, -0.007,  0.699, -3.075,  0.104,  0.019,  0.500,  0.000,  0.500
207.000, 20.852,  0.000, -9.000, -4.000,  0.000,  0.000,  0.000,  0.000,  0.000,  2.000, -1.000,  0.000, 65.000, 68.000, 94.000, 60.000, 77.000,-27.720,  7.000,-16.000,  5.000,-997.000,  0.431, -0.010,  0.694,  3.261, -0.117, -0.201,  0.500,  0.000,  0.500
208.000, 20.955,  0.000,  6.000, 19.000,  1.000,  0.000,  0.000,  0.000,  0.000,  2.000,  0.000,  0.000, 65.000, 68.000, 94.000, 60.000, 77.000,-27.790,  7.000,-31.000,  8.000,-988.000,  0.429, -0.012,  0.668, -3.056,  0.079,  0.101,  0.500,  0.000,  0.500
209.000, 21.056,  0.000,-11.000, -2.000,  1.000,  0.000,  0.000,  0.000,  0.000,  2.000,  0.000,  0.000, 65.000, 68.000, 93.000, 60.000, 77.000,-27.820,  7.000,-17.000,  8.000,-982.000,  0.444, -0.014,  0.647,  3.242, -0.044, -0.187,  0.500,  0.000,  0.500
210.000, 21.158,  0.000,  0.000,  0.000,  2.000,  0.000,  0.000,  0.000,  0.000,  2.000,  0.000,  0.000, 65.000, 68.000, 92.000, 60.000, 77.000,-27.810,  7.000,-22.000,  9.000,-987.000,  0.798, -0.134,  1.606, -3.080,  0.100, -0.103,  0.500,  0.000,  0.500
211.000, 21.265,  0.000,  0.000,100.000, 37.000,  0.000,  0.000,  0.000,  0.000,  1.000,  0.000,  0.000, 65.000, 68.000, 91.000, 60.000, 77.000,-27.760,  8.000, -4.000,  0.000,-987.000,  0.769, -0.136,  1.512, -2.660, -0.042,  1.449, -0.250,  0.000,  0.450
212.000, 21.366,  0.000,  0.000,  3.000, 14.000,  0.000,  0.000,  0.000,  0.000,  1.000,  0.000,  0.000, 65.000, 68.000, 90.000, 60.000, 77.000,-27.750,  8.000,-17.000,  1.000,-1072.000,  0.833, -0.152,  1.600, -3.145,  0.096, -0.002, -0.250,  0.000,  0.450
213.000, 21.464,  0.000,  0.000,100.000, 18.000,  0.000, -4.000,  0.000,  0.000,  1.000,  0.000,  0.000, 65.000, 68.000, 90.000, 60.000, 77.000,-27.760,  8.000, -2.000,  7.000,-1016.000,  0.827, -0.156,  1.553,  3.193, -0.149,  0.075, -0.250,  0.000,  0.450
214.000, 21.568,  0.000,  0.000, 55.000, 17.000,  0.000, -5.000,  0.000,  0.000,  2.000,  0.000,  0.000, 65.000, 68.000, 90.000, 60.000, 77.000,-27.830,  8.000,-25.000,  3.000,-1027.000,  0.897, -0.174,  1.655, -2.780,  0.030,  1.080, -0.250,  0.000,  0.450
215.000, 21.683,  0.000,  0.000,100.000, 21.000,  0.000, -7.000,  0.000,  0.000,  2.000,  0.000,  0.000, 65.000, 68.000, 90.000, 60.000, 77.000,-27.800,  8.000,-24.000, 10.000,-1010.000,  0.869, -0.170,  1.594, -3.165,  0.073,  0.221, -0.250,  0.000,  0.450
216.000, 21.801,  0.000,  0.000, 46.000, 17.000,  0.000, -8.000,  0.000,  0.000,  4.000,  0.000,  0.000, 65.000, 68.000, 89.000, 60.000, 77.000,-27.780,  8.000,-20.000,  4.000,-1039.000,  0.898, -0.183,  1.598, -3.138, -0.100,  0.038, -0.250,  0.000,  0.450
217.000, 21.872,  0.000,  0.000, 46.000, 17.000,  0.000, -5.000,  0.000,  0.000,  4.000,  0.000,  0.000, 65.000, 68.000, 89.000, 60.000, 77.000,-27.850,  8.000,-22.000, -8.000,-999.000,  0.881, -0.177,  1.552,  3.197, -0.151,  0.037, -0.250,  0.000,  0.450
218.000, 21.974,  0.000,  0.000, 62.000, 20.000,  0.000, -5.000,  0.000,  0.000,  5.000,  0.000,  0.000, 65.000, 68.000, 89.000, 60.000, 77.000,-27.800,  8.000,-23.000,  2.000,-1002.000,  0.892, -0.328,  1.518, -3.050,  0.014,  0.027, -0.250,  0.000,  0.450
219.000, 22.076,  0.000,  0.000, 69.000, 64.000,  0.000, -5.000,  0.000,  0.000,  6.000,  0.000,  0.000, 65.000, 68.000, 90.000, 60.000, 77.000,-27.810,  8.000,-40.000, -6.000,-998.000,  0.918, -0.339,  1.550, -2.543,  0.090,  1.299, -0.250,  0.000,  0.450
220.000, 22.179,  0.000,  0.000,100.000, 37.000,  0.000, -5.000,  0.000,  0.000,  6.000,  0.000,  0.000, 65.000, 68.000, 90.000, 60.000, 77.000,-27.850,  8.000,-54.000, 10.000,-1114.000,  0.884, -0.181,  1.460, -2.661,  0.080,  1.419, -0.250,  0.000,  0.450
221.000, 22.281,  0.000,  0.000,  9.000,-11.000,  0.000, -5.000,  0.000,  0.000,  6.000,  0.000, -1.000, 65.000, 68.000, 92.000, 60.000, 77.000,-27.830,  9.000,-41.000,  3.000,-1050.000,  0.896, -0.175,  1.459, -2.663,  0.080,  1.432, -0.250,  0.000,  0.450
222.000, 22.382,  0.000,  0.000, 98.000, 18.000,  0.000, -5.000,  0.000,  0.000,  7.000,  0.000, -2.000, 65.000, 68.000, 93.000, 70.000, 77.000,-27.880,  9.000,-57.000,  3.000,-934.000,  0.889, -0.174,  1.424, -3.014,  0.076,  0.293, -0.250,  0.000,  0.450
223.000, 22.484,  0.000,  0.000, 62.000, 19.000,  0.000, -5.000,  0.000,  0.000,  7.000,  0.000, -1.000, 65.000, 68.000, 94.000, 70.000, 77.000,-27.880,  9.000,-50.000,  0.000,-938.000,  0.866, -0.161,  1.346, -3.018,  0.073,  0.302, -0.250,  0.000,  0.450
224.000, 22.586,  0.000, 90.000, 13.000, 16.000,  0.000, -5.000,  0.000,  0.000,  8.000,  0.000,  0.000, 65.000, 68.000, 95.000, 70.000, 77.000,-27.840,  9.000,-70.000,  8.000,-978.000,  0.848, -0.139,  1.274, -3.080,  0.072,  0.229, -0.250,  0.000,  0.450
225.000, 22.689,  0.000, 93.000, 12.000, 12.000,  0.000, -5.000,  0.000,  0.000,  8.000,  0.000,  0.000, 65.000, 68.000, 96.000, 70.000, 77.000,-27.890,  9.000,-67.000,  0.000,-997.000,  0.819, -0.119,  1.209, -3.126,  0.082,  0.034, -0.250,  0.000,  0.450
226.000, 22.794,  0.000, 80.000, 15.000, 10.000,  0.000, -4.000,  3.000,  0.000,  8.000,  0.000,  0.000, 66.000, 69.000, 96.000, 70.000, 77.000,-27.860,  9.000,-56.000, -4.000,-989.000,  0.816, -0.109,  1.182, -2.569, -0.003,  1.637, -0.250,  0.000,  0.450
227.000, 22.893,  0.000,100.000, 51.000, 11.000,  0.000,  0.000,  5.000,  0.000,  8.000,  0.000,  0.000, 66.000, 69.000, 95.000, 70.000, 77.000,-27.970,  9.000,-55.000, -5.000,-1000.000,  0.800, -0.092,  1.096, -3.056,  0.142,  0.098, -0.250,  0.000,  0.450
228.000, 22.995,  0.000, 93.000,-15.000,  8.000,  0.000,  0.000,  5.000,  0.000,  7.000,  1.000,  0.000, 66.000, 69.000, 95.000, 70.000, 77.000,-27.930,  9.000,-71.000,  9.000,-985.000,  0.776, -0.083,  1.027, -2.508,  0.048,  1.797, -0.250,  0.000,  0.450
229.000, 23.114,  0.000, 83.000, -4.000,  9.000,  0.000,  0.000,  5.000,  0.000,  7.000,  2.000,  0.000, 66.000, 69.000, 95.000, 70.000, 77.000,-27.930,  9.000,-77.000,  2.000,-986.000,  0.739, -0.072,  0.927, -3.073,  0.065,  0.081, -0.250,  0.000,  0.450
230.000, 23.199,  0.000, 67.000,-43.000,  8.000,  0.000,  0.000,  5.000,  0.000,  6.000,  3.000,  0.000, 66.000, 69.000, 95.000, 70.000, 77.000,-27.940, 10.000,-74.000, -1.000,-996.000,  0.766, -0.050,  0.941, -2.551,  0.049,  1.788, -0.250,  0.000,  0.450
231.000, 23.301,  0.000,100.000, 71.000,  3.000,  0.000,  0.000,  5.000,  0.000,  6.000,  4.000,  0.000, 66.000, 69.000, 95.000, 70.000, 77.000,-27.820, 10.000,-62.000,-16.000,-992.000,  0.742, -0.043,  0.888, -3.097,  0.051,  0.328, -0.250,  0.000,  0.450
232.000, 23.403,  0.000, 82.000,  0.000,  6.000,  0.000,  1.000,  5.000,  0.000,  5.000,  4.000,  0.000, 66.000, 69.000, 96.000, 70.000, 77.000,-27.900, 10.000,-43.000,-17.000,-997.000,  0.698, -0.038,  0.828, -2.518,  0.023,  1.821, -0.250,  0.000,  0.450
233.000, 23.505,  0.000, 58.000,-11.000,  6.000,  0.000,  0.000,  5.000,  0.000,  5.000,  5.000,  0.000, 66.000, 69.000, 88.000, 70.000, 77.000,-27.750, 10.000,-54.000,-23.000,-1004.000,  0.683, -0.034,  0.812, -3.031,  0.079,  0.400, -0.250,  0.000,  0.450
234.000, 23.607,  0.000, 86.000, 31.000,  6.000,  0.000,  0.000,  5.000,  0.000,  4.000,  5.000,  0.000, 66.000, 69.000, 57.000, 70.000, 77.000,-27.890, 10.000,-45.000,-21.000,-1008.000,  0.611, -0.028,  0.745,  2.549, -0.019, -1.831, -0.250,  0.000,  0.450
235.000, 23.709,  0.000, 22.000,-26.000,  5.000,  0.000,  0.000,  6.000,  0.000,  3.000,  6.000,  0.000, 66.000, 69.000, 53.000, 70.000, 77.000,-27.780, 10.000,-48.000,-33.000,-1025.000,  0.580, -0.024,  0.737, -3.084, -0.002,  0.262, -0.250,  0.000,  0.450
236.000, 23.811,  0.000, 62.000, 33.000,  5.000,  0.000,  0.000,  5.000,  0.000,  3.000,  6.000,  0.000, 66.000, 69.000, 53.000, 70.000, 77.000,-27.760, 10.000,-41.000,-38.000,-1009.000,  0.542, -0.022,  0.718, -2.657,  0.038,  1.707, -0.250,  0.000,  0.450
237.000, 23.913,  0.000, 51.000, 21.000,  5.000,  0.000,  0.000,  4.000,  0.000,  2.000,  6.000,  0.000, 66.000, 69.000, 54.000, 70.000, 77.000,-27.770, 10.000,-33.000,-41.000,-1009.000,  0.437, -0.016,  0.670, -3.082,  0.039,  0.018, -0.250,  0.000,  0.450
238.000, 24.015,  0.000,-25.000,-13.000,  3.000,  0.000,  0.000,  4.000,  0.000,  2.000,  7.000,  0.000, 66.000, 69.000, 56.000, 70.000, 77.000,-27.800, 10.000,-43.000,-48.000,-1001.000,  0.399, -0.015,  0.665, -3.102,  0.018,  0.002, -0.250,  0.000,  0.450
239.000, 24.117,  0.000, 38.000, 29.000,  4.000,  0.000,  0.000,  4.000,  0.000,  2.000,  7.000,  0.000, 66.000, 69.000, 55.000, 70.000, 77.000,-27.770, 10.000,-32.000,-48.000,-1008.000,  0.333, -0.011,  0.649, -3.081,  0.054, -0.047, -0.250,  0.000,  0.450
240.000, 24.227,  0.000,  3.000, 17.000,  3.000,  0.000,  0.000,  4.000,  0.000,  1.000,  7.000,  0.000, 66.000, 69.000, 56.000, 70.000, 77.000,-27.760, 11.000,-31.000,-46.000,-991.000,  0.260, -0.006,  0.631, -3.114,  0.095, -0.194, -0.250,  0.000,  0.450
241.000, 24.278,  0.000,  3.000, 17.000,  3.000,  0.000, -1.000,  3.000,  0.000,  1.000,  7.000,  0.000, 66.000, 69.000, 56.000, 70.000, 77.000,-27.730, 11.000,-26.000,-40.000,-986.000,  0.182, -0.002,  0.607,  3.123, -0.037,  0.276, -0.250,  0.000,  0.450
242.000, 24.376,  0.000,-95.000,-12.000,  2.000,  0.000, -1.000,  0.000,  0.000,  1.000,  7.000,  0.000, 66.000, 69.000, 54.000, 70.000, 77.000,-27.730, 11.000,-23.000,-41.000,-1003.000,  0.158, -0.001,  0.605, -3.160,  0.042, -0.256, -0.250,  0.000,  0.450
243.000, 24.477,  0.000, 29.000, 28.000,  3.000,  0.000, -1.000, -3.000,  0.000,  1.000,  7.000,  0.000, 66.000, 69.000, 88.000, 70.000, 77.000,-27.820, 11.000,-27.000,-42.000,-981.000,  0.054,  0.004,  0.593, -3.092,  0.058,  0.536, -0.250,  0.000,  0.450
244.000, 24.580,  0.000,-60.000, 17.000,  1.000,  0.000,  0.000, -5.000,  0.000,  1.000,  6.000,  0.000, 66.000, 69.000, 97.000, 70.000, 77.000,-27.770, 11.000,-33.000,-44.000,-1024.000,  0.001,  0.007,  0.582, -3.130,  0.076,  0.375, -0.250,  0.000,  0.450
245.000, 24.681,  0.000,-15.000, 17.000,  2.000,  0.000, -1.000, -5.000,  0.000,  1.000,  4.000,  0.000, 66.000, 69.000, 99.000, 70.000, 77.000,-27.770, 11.000,  1.000,-35.000,-1000.000, -0.110,  0.012,  0.572, -3.029,  0.064,  0.145, -0.250,  0.000,  0.450
246.000, 24.783,  0.000,  0.000, 17.000,  1.000,  0.000, -1.000, -5.000,  0.000,  1.000,  3.000,  0.000, 65.000, 69.000, 98.000, 70.000, 77.000,-27.740, 11.000,-22.000,-14.000,-1017.000, -0.137,  0.013,  0.570, -3.058,  0.017,  0.283, -0.250,  0.000,  0.450
247.000, 24.886,  0.000,  0.000,100.000,  1.000,  0.000, -1.000, -4.000,  0.000,  1.000,  2.000,  0.000, 65.000, 69.000, 98.000, 70.000, 77.000,-27.880, 11.000,  1.000,-33.000,-1002.000, -0.137,  0.013,  0.570, -3.058,  0.017,  0.283,  0.000,  0.000,  0.250
248.000, 24.989,  0.000,  0.000, 29.000,  2.000,  0.000, -3.000, -2.000,  0.000,  1.000,  1.000,  0.000, 65.000, 69.000, 98.000, 70.000, 77.000,-27.810, 11.000,-20.000,-17.000,-1009.000, -0.137,  0.013,  0.570, -3.058,  0.017,  0.283,  0.000,  0.000,  0.250
249.000, 25.105,  0.000,  0.000, 29.000,  2.000,  0.000, -5.000,  0.000,  0.000,  2.000,  1.000,  0.000, 65.000, 69.000, 98.000, 70.000, 77.000,-27.830, 11.000,-22.000, -2.000,-1004.000, -0.185, -0.014,  1.177, -2.937,  0.179,  0.551,  0.000,  0.000,  0.250
250.000, 25.194,  0.000,  0.000,100.000, 10.000,  0.000, -5.000,  0.000,  0.000,  3.000,  0.000,  0.000, 65.000, 69.000, 98.000, 70.000, 77.000,-27.840, 12.000,-23.000,-11.000,-990.000, -0.218, -0.014,  1.179, -2.945,  0.177,  0.524,  0.000,  0.000,  0.250
251.000, 25.293,  0.000,  0.000, 87.000,  4.000,  0.000, -5.000,  0.000,  0.000,  3.000,  0.000,  0.000, 65.000, 69.000, 98.000, 70.000, 77.000,-27.830, 12.000,-29.000,-11.000,-1007.000, -0.240, -0.016,  1.206,  3.244, -0.217, -0.316,  0.000,  0.000,  0.250
252.000, 25.397,  0.000,  0.000,100.000,  5.000,  0.000, -5.000,  0.000,  0.000,  4.000,  0.000,  0.000, 65.000, 69.000, 98.000, 70.000, 77.000,-27.860, 12.000,-35.000, -8.000,-1007.000, -0.240, -0.016,  1.206,  3.244, -0.217, -0.316,  0.000,  0.000,  0.250
253.000, 25.500,  0.000,  0.000, 89.000,  5.000,  0.000, -5.000,  0.000,  0.000,  4.000,  0.000,  0.000, 65.000, 69.000, 98.000, 70.000, 77.000,-27.850, 12.000,-33.000, -9.000,-997.000, -0.272, -0.047,  1.189, -2.986,  0.150,  0.239,  0.000,  0.000,  0.250
254.000, 25.622,  0.000,  0.000, 71.000, 14.000,  0.000, -5.000,  0.000,  0.000,  5.000,  0.000,  0.000, 65.000, 69.000, 99.000, 70.000, 77.000,-27.750, 12.000,-46.000, -5.000,-994.000, -0.278, -0.021,  1.180, -2.954,  0.165,  0.340,  0.000,  0.000,  0.250
255.000, 25.701,  0.000,  0.000, 71.000, 14.000,  0.000, -5.000,  0.000,  0.000,  5.000,  0.000,  0.000, 65.000, 69.000, 99.000, 70.000, 77.000,-27.850, 12.000,-49.000, -6.000,-1014.000, -0.283, -0.028,  1.135,  3.244, -0.159, -0.247,  0.000,  0.000,  0.250
256.000, 25.803,  0.000,  0.000, 30.000,  2.000,  0.000, -5.000,  0.000,  0.000,  6.000,  0.000,  0.000, 66.000, 68.000,100.000, 70.000, 77.000,-27.760, 12.000,-41.000,-10.000,-1007.000, -0.281, -0.021,  1.081, -2.973,  0.148,  0.300,  0.000,  0.000,  0.250
257.000, 25.905,  0.000,  0.000, 26.000,  4.000,  0.000, -5.000,  0.000,  0.000,  6.000,  0.000,  0.000, 66.000, 68.000,100.000, 70.000, 77.000,-27.790, 12.000,-54.000, -5.000,-996.000, -0.281, -0.015,  1.040, -2.980,  0.151,  0.516,  0.000,  0.000,  0.250
258.000, 26.007,  0.000,  0.000, 35.000,  3.000,  0.000, -5.000,  0.000,  0.000,  6.000,  0.000,  0.000, 66.000, 68.000,101.000, 70.000, 77.000,-27.820, 12.000,-71.000, -9.000,-997.000, -0.290, -0.006,  1.013, -2.959,  0.118,  0.348,  0.000,  0.000,  0.250
259.000, 26.108,  0.000,  0.000, 48.000,  2.000,  0.000, -5.000,  0.000,  0.000,  7.000,  0.000,  0.000, 66.000, 68.000,101.000, 70.000, 77.000,-27.850, 12.000,-49.000,-12.000,-989.000, -0.297,  0.000,  0.992, -2.968,  0.147,  0.329,  0.000,  0.000,  0.250
260.000, 26.211,  0.000,  0.000, 53.000,  2.000,  0.000, -5.000,  1.000,  0.000,  7.000,  0.000,  0.000, 66.000, 68.000,102.000, 70.000, 77.000,-27.800, 13.000,-64.000,  0.000,-997.000, -0.293,  0.003,  0.938,  2.749, -0.223,  1.287,  0.000,  0.000,  0.250
261.000, 26.313,  0.000,-25.000, 15.000,  2.000,  0.000, -4.000,  0.000,  0.000,  7.000,  0.000,  0.000, 66.000, 68.000,101.000, 70.000, 77.000,-27.800, 13.000,-71.000,  5.000,-988.000, -0.304,  0.007,  0.955, -2.980,  0.142,  0.307,  0.000,  0.000,  0.250
262.000, 26.429,  0.000,-42.000, 89.000,  2.000,  0.000, -2.000,  0.000,  0.000,  7.000,  0.000,  0.000, 66.000, 68.000,102.000, 70.000, 77.000,-27.760, 13.000,-77.000, 10.000,-1000.000, -0.307,  0.016,  0.901,  3.250, -0.177, -0.309,  0.000,  0.000,  0.250
263.000, 26.518,  0.000,-42.000, 89.000,  2.000,  0.000, -3.000, -1.000,  0.000,  7.000,  0.000,  0.000, 66.000, 68.000,102.000, 70.000, 77.000,-27.760, 13.000,-56.000,  1.000,-1009.000, -0.308,  0.023,  0.844,  2.750, -0.228,  1.313,  0.000,  0.000,  0.250
264.000, 26.619,  0.000,-35.000,-48.000, -2.000,  0.000, -5.000, -2.000,  0.000,  7.000,  0.000,  0.000, 66.000, 68.000,102.000, 70.000, 77.000,-27.810, 13.000,-65.000,  1.000,-1008.000, -0.323,  0.057,  0.828,  3.188, -0.226, -0.118,  0.000,  0.000,  0.250
265.000, 26.721,  0.000,-47.000, 45.000, -8.000,  0.000, -5.000, -2.000,  0.000,  8.000, -1.000,  0.000, 66.000, 68.000,102.000, 70.000, 77.000,-27.810, 13.000,-64.000, -1.000,-985.000, -0.324,  0.063,  0.778,  3.167, -0.220, -0.183,  0.000,  0.000,  0.250
266.000, 26.823,  0.000,-35.000,  7.000, -4.000,  0.000, -3.000, -3.000,  0.000,  8.000, -1.000,  0.000, 66.000, 69.000,103.000, 70.000, 77.000,-27.770, 13.000,-64.000,  2.000,-1005.000, -0.327,  0.069,  0.734, -3.019,  0.183,  0.136,  0.000,  0.000,  0.250
267.000, 26.925,  0.000,-37.000,  9.000, -4.000,  0.000, -1.000, -3.000,  0.000,  8.000, -2.000,  0.000, 66.000, 69.000,103.000, 70.000, 77.000,-27.850, 13.000,-70.000, 14.000,-1020.000, -0.318,  0.040,  0.684, -2.984,  0.153,  0.184,  0.000,  0.000,  0.250
268.000, 27.029,  0.000,-24.000,  0.000,  5.000,  0.000,  0.000, -3.000,  0.000,  7.000, -3.000,  0.000, 66.000, 69.000,103.000, 70.000, 77.000,-27.860, 13.000,-69.000,  6.000,-998.000, -0.318,  0.050,  0.637, -2.990,  0.153,  0.069,  0.000,  0.000,  0.250
269.000, 27.132,  0.000,-33.000, -1.000, -3.000,  0.000,  1.000, -2.000,  0.000,  6.000, -3.000,  0.000, 66.000, 69.000,103.000, 70.000, 77.000,-27.820, 13.000,-54.000, 14.000,-1019.000, -0.309,  0.085,  0.590, -3.042,  0.172,  0.160,  0.000,  0.000,  0.250
270.000, 27.231,  0.000,-33.000, -1.000, -3.000,  0.000,  1.000, -1.000,  0.000,  6.000, -3.000,  0.000, 66.000, 69.000,103.000, 70.000, 77.000,-27.780, 14.000,-59.000, 17.000,-994.000, -0.287,  0.094,  0.532, -3.075,  0.204,  0.075,  0.000,  0.000,  0.250
271.000, 27.336,  0.000,  0.000,-68.000,-15.000,  0.000,  1.000, -1.000,  0.000,  5.000, -3.000,  0.000, 66.000, 69.000,103.000, 70.000, 77.000,-27.740, 14.000,-35.000, 15.000,-1000.000, -0.276,  0.100,  0.514, -3.024,  0.159,  0.020,  0.000,  0.000,  0.250
272.000, 27.435,  0.000,-18.000, 16.000, -8.000,  0.000,  2.000,  0.000,  0.000,  4.000, -3.000,  0.000, 66.000, 69.000,103.000, 70.000, 77.000,-27.780, 14.000,-55.000, 31.000,-995.000, -0.254,  0.102,  0.482, -3.021,  0.169,  0.081,  0.000,  0.000,  0.250
273.000, 27.557,  0.000, -6.000,  0.000, -7.000,  0.000,  5.000,  0.000,  0.000,  3.000, -3.000,  0.000, 66.000, 69.000,103.000, 70.000, 77.000,-27.750, 14.000,-58.000, 32.000,-1003.000, -0.223,  0.107,  0.447, -3.065,  0.192,  0.144,  0.000,  0.000,  0.250
274.000, 27.609,  0.000, -6.000,  0.000, -7.000,  0.000,  5.000,  1.000,  0.000,  1.000, -3.000,  0.000, 66.000, 69.000,103.000, 70.000, 77.000,-27.700, 14.000,-28.000, 20.000,-1012.000, -0.200,  0.109,  0.427, -3.057,  0.175,  0.147,  0.000,  0.000,  0.250
275.000, 27.702,  0.000, 31.000,-27.000, -9.000,  0.000,  4.000,  1.000,  0.000,  0.000, -3.000,  0.000, 66.000, 69.000,102.000, 70.000, 77.000,-27.680, 14.000,-21.000, 26.000,-1020.000, -0.156,  0.116,  0.400, -3.020,  0.183,  0.119,  0.000,  0.000,  0.250
276.000, 27.804,  0.000, 25.000, -2.000,-10.000,  0.000,  1.000,  1.000,  0.000,  0.000, -2.000,  0.000, 67.000, 69.000,102.000, 70.000, 77.000,-27.670, 14.000,  0.000, 20.000,-1016.000, -0.115,  0.119,  0.367,  3.206, -0.233, -0.325,  0.000,  0.000,  0.250
277.000, 27.906,  0.000, 27.144,-10.689, -9.829,  0.000,  0.000,  3.000,  0.000,  0.000, -2.000,  0.000, 67.000, 69.000,102.000, 70.000, 77.000,-27.640, 14.000,-12.000, 18.000,-1002.000, -0.068,  0.131,  0.361,  3.226, -0.209, -0.191,  0.000,  0.000,  0.250
278.000, 28.008,  0.000, 27.144,-10.689, -9.829,  0.000,  0.000,  3.000,  0.000,  0.000, -1.000,  0.000, 67.000, 69.000,102.000, 70.000, 77.000,-27.630, 14.000, -6.000, 19.000,-1005.000, -0.044,  0.130,  0.360, -3.040,  0.200,  0.118,  0.000,  0.000,  0.250
279.000, 28.110,  0.000, 27.144,-10.689, -9.829,  0.000,  0.000,  2.000,  0.000,  0.000, -1.000,  0.000, 67.000, 69.000,102.000, 70.000, 77.000,-27.700, 14.000, -1.000,  9.000,-1011.000,  0.001,  0.115,  0.360, -3.022,  0.192,  0.108,  0.000,  0.000,  0.250
280.000, 28.213,  0.000, 27.144,-10.689, -9.829,  0.000,  0.000,  1.000,  0.000,  0.000, -1.000,  0.000, 67.000, 69.000,101.000, 70.000, 77.000,-27.660, 15.000,-10.000,  9.000,-1011.000,  0.024,  0.115,  0.366, -3.068,  0.186,  0.099,  0.000,  0.000,  0.250
281.000, 28.314,  0.000, 27.144,-10.689, -9.829,  0.000,  0.000,  1.000,  0.000,  0.000,  0.000,  0.000, 67.000, 69.000,103.000, 70.000, 77.000,-27.650, 15.000,  4.000, -8.000,-1012.000,  0.052,  0.115,  0.373, -3.098,  0.164,  0.077,  0.000,  0.000,  0.250
282.000, 28.416,  0.000, 27.144,-10.689, -9.829,  0.000,  0.000,  1.000,  0.000,  0.000,  0.000,  0.000, 67.000, 69.000,102.000, 70.000, 77.000,-27.670, 15.000,-17.000, 10.000,-1009.000,  0.076,  0.114,  0.376, -3.120,  0.178,  0.104,  0.000,  0.000,  0.250
283.000, 28.518,  0.000, 27.144,-10.689, -9.829,  0.000,  0.000,  1.000,  0.000,  0.000,  0.000,  0.000, 67.000, 69.000,102.000, 70.000, 77.000,-27.660, 15.000, -3.000, -9.000,-1016.000,  0.096,  0.114,  0.380,  3.125, -0.169, -0.061,  0.000,  0.000,  0.250
284.000, 28.619,  0.000, 27.144,-10.689, -9.829,  0.000, -2.000,  1.000,  0.000,  0.000,  0.000,  0.000, 67.000, 69.000,102.000, 70.000, 77.000,-27.650, 15.000,-13.000, -1.000,-995.000,  0.113,  0.115,  0.381, -3.161,  0.156,  0.019,  0.000,  0.000,  0.250
285.000, 28.722,  0.000, 27.144,-10.689, -9.829,  0.000, -1.000,  1.000,  0.000,  0.000,  0.000,  0.000, 67.000, 69.000,104.000, 70.000, 77.000,-27.620, 15.000, -3.000, -2.000,-991.000,  0.136,  0.119,  0.388, -3.147,  0.157,  0.075,  0.000,  0.000,  0.250
286.000, 28.831,  0.000, 27.144,-10.689, -9.829,  0.000, -1.000,  1.000,  0.000,  0.000,  0.000,  0.000, 66.000, 69.000,103.000, 70.000, 77.000,-27.650, 15.000, -8.000, -8.000,-975.000,  0.147,  0.121,  0.391, -3.180,  0.146,  0.044,  0.000,  0.000,  0.250
287.000, 28.932,  0.000, 27.144,-10.689, -9.829,  0.000, -1.000,  1.000,  0.000,  0.000,  0.000,  0.000, 66.000, 69.000,103.000, 70.000, 77.000,-27.630, 15.000,  8.000,-10.000,-987.000,  0.166,  0.126,  0.395, -3.128,  0.158,  0.105,  0.000,  0.000,  0.250
288.000, 29.029,  0.000, 27.144,-10.689, -9.829,  0.000,  0.000,  1.000,  0.000,  0.000,  0.000,  0.000, 66.000, 69.000,105.000, 70.000, 77.000,-27.630, 15.000, -8.000,  5.000,-988.000,  0.178,  0.131,  0.398, -3.187,  0.132,  0.081,  0.000,  0.000,  0.250
289.000, 29.131,  0.000, 27.144,-10.689, -9.829,  0.000, -1.000,  1.000,  0.000,  0.000,  0.000,  0.000, 66.000, 69.000,105.000, 70.000, 77.000,-27.620, 15.000,-10.000, -4.000,-975.000,  0.188,  0.135,  0.398, -3.174,  0.147,  0.109,  0.000,  0.000,  0.250
290.000, 29.233,  0.000, 27.144,-10.689, -9.829,  0.000, -1.000,  1.000,  0.000,  0.000,  0.000,  0.000, 66.000, 69.000,105.000, 70.000, 77.000,-27.650, 16.000,-15.000,-10.000,-998.000,  0.198,  0.139,  0.398,  3.099, -0.142, -0.161,  0.000,  0.000,  0.250
291.000, 29.335,  0.000, 27.144,-10.689, -9.829,  0.000, -1.000,  1.000,  0.000,  0.000,  0.000,  0.000, 66.000, 69.000,104.000, 70.000, 77.000,-27.610, 16.000,-17.000, -5.000,-980.000,  0.203,  0.143,  0.401,  3.089, -0.152, -0.165,  0.000,  0.000,  0.250
292.000, 29.477,  0.000, 27.144,-10.689, -9.829,  0.000, -1.000,  1.000,  0.000,  0.000,  0.000,  0.000, 66.000, 69.000,105.000, 70.000, 77.000,-27.600, 16.000,-13.000,  0.000,-987.000,  0.210,  0.147,  0.401,  3.101, -0.158, -0.223,  0.000,  0.000,  0.250
293.000, 29.539,  0.000, 27.144,-10.689, -9.829,  0.000, -1.000,  1.000,  0.000,  0.000,  0.000,  0.000, 66.000, 69.000,106.000, 70.000, 77.000,-27.680, 16.000, -7.000,-12.000,-989.000,  0.212,  0.148,  0.400,  3.063, -0.129, -0.165,  0.000,  0.000,  0.250
294.000, 29.641,  0.000, 27.144,-10.689, -9.829,  0.000,  0.000,  1.000,  0.000,  0.000,  0.000,  0.000, 66.000, 69.000,106.000, 70.000, 77.000,-27.690, 16.000,-29.000,  7.000,-1001.000,  0.212,  0.149,  0.397,  3.097, -0.145, -0.171,  0.000,  0.000,  0.250
295.000, 29.742,  0.000, 27.144,-10.689, -9.829,  0.000,  0.000,  1.000,  0.000,  0.000,  0.000,  0.000, 66.000, 69.000,105.000, 70.000, 77.000,-27.620, 16.000, -3.000,-10.000,-985.000,  0.215,  0.150,  0.397,  3.112, -0.174, -0.216,  0.000,  0.000,  0.250
296.000, 29.844,  0.000, 27.144,-10.689, -9.829,  0.000,  0.000,  1.000,  0.000,  0.000,  0.000,  0.000, 67.000, 68.000,105.000, 70.000, 77.000,-27.640, 16.000,-12.000,-20.000,-979.000,  0.217,  0.151,  0.397,  3.103, -0.158, -0.248,  0.000,  0.000,  0.250
297.000, 29.947,  0.000, 27.144,-10.689, -9.829,  0.000,  0.000,  1.000,  0.000,  0.000,  0.000,  0.000, 67.000, 68.000,105.000, 70.000, 77.000,-27.700, 16.000,  0.000,-11.000,-947.000,  0.216,  0.150,  0.393,  3.090, -0.155, -0.180,  0.000,  0.000,  0.250
298.000, 30.053,  0.000, 27.144,-10.689, -9.829,  0.000,  0.000,  1.000,  0.000,  0.000,  0.000,  1.000, 67.000, 68.000,103.000, 70.000, 77.000,-27.680, 16.000,  2.000,-14.000,-930.000,  0.219,  0.150,  0.396,  3.046, -0.111, -0.181,  0.000,  0.000,  0.250
299.000, 30.150,  0.000, 27.144,-10.689, -9.829,  0.000,  0.000,  1.000,  0.000,  0.000,  0.000,  1.000, 67.000, 68.000,102.000, 70.000, 77.000,-27.710, 16.000,-17.000,  2.000,-928.000,  0.218,  0.146,  0.393,  3.072, -0.140, -0.183,  0.000,  0.000,  0.250
300.000, 30.253,  0.000, 27.144,-10.689, -9.829,  0.000,  0.000,  1.000,  0.000,  0.000,  0.000,  2.000, 67.000, 68.000, 99.000, 70.000, 77.000,-27.650, 17.000, 17.000,-23.000,-906.000,  0.215,  0.139,  0.388, -3.187,  0.131,  0.220,  0.000,  0.000,  0.250
301.000, 30.355,  0.000, 27.144,-10.689, -9.829,  0.000,  0.000,  0.000,  0.000,  0.000,  0.000,  3.000, 67.000, 68.000, 96.000, 70.000, 77.000,-27.750, 17.000,-18.000,  9.000,-929.000,  0.209,  0.127,  0.380,  3.030, -0.100, -0.109,  0.000,  0.000,  0.250
302.000, 30.457,  0.000, 27.144,-10.689, -9.829,  0.000,  0.000,  0.000,  0.000,  0.000,  0.000,  4.000, 67.000, 68.000, 91.000, 60.000, 77.000,-27.790, 17.000,-19.000, -9.000,-904.000,  0.202,  0.107,  0.372,  3.094, -0.091, -0.051,  0.000,  0.000,  0.250
303.000, 30.559,  0.000, 27.144,-10.689, -9.829,  0.000,  0.000,  0.000,  0.000,  0.000,  0.000,  5.000, 67.000, 68.000, 86.000, 60.000, 77.000,-27.850, 17.000,  4.000,-21.000,-939.000,  0.207,  0.084,  0.385,  3.163, -0.149, -0.114,  0.000,  0.000,  0.250
304.000, 30.610,  0.000, 27.144,-10.689, -9.829,  0.000,  0.000,  0.000,  0.000,  0.000,  0.000,  5.000, 67.000, 68.000, 81.000, 50.000, 77.000,-27.950, 17.000,  4.000,-12.000,-978.000,  0.204,  0.062,  0.383,  3.150, -0.142, -0.095,  0.000,  0.000,  0.250
305.000, 30.712,  0.000, 27.144,-10.689, -9.829,  0.000,  0.000,  0.000,  0.000,  0.000,  0.000,  5.000, 67.000, 68.000, 76.000, 50.000, 77.000,-27.960, 17.000,-25.000, 14.000,-1023.000,  0.203,  0.037,  0.382, -3.112,  0.154,  0.106,  0.000,  0.000,  0.250
306.000, 30.866,  0.000, 27.144,-10.689, -9.829,  0.000,  0.000,  0.000,  0.000,  0.000,  0.000,  5.000, 66.000, 68.000, 70.000, 40.000, 77.000,-27.990, 17.000, -1.000, -6.000,-1003.000,  0.195, -0.041,  0.366, -3.077,  0.158, -0.016,  0.000,  0.000,  0.250
307.000, 30.917,  0.000, 27.144,-10.689, -9.829,  0.000,  0.000,  0.000,  0.000,  0.000,  0.000,  5.000, 66.000, 68.000, 65.000, 40.000, 77.000,-28.070, 17.000,-12.000, 10.000,-1020.000,  0.199, -0.059,  0.372, -3.049,  0.176,  0.045,  0.000,  0.000,  0.250
308.000, 31.022,  0.000, 27.144,-10.689, -9.829,  0.000,  0.000,  0.000,  0.000,  0.000,  0.000,  5.000, 66.000, 68.000, 59.000, 30.000, 77.000,-28.120, 17.000,-16.000,  0.000,-1004.000,  0.196, -0.128,  0.361, -2.978,  0.183,  0.129,  0.000,  0.000,  0.250
309.000, 31.120,  0.000, 27.144,-10.689, -9.829,  0.000,  0.000,  0.000,  0.000,  0.000,  0.000,  4.000, 66.000, 68.000, 54.000, 30.000, 77.000,-28.100, 17.000,-11.000, -3.000,-1017.000,  0.196, -0.128,  0.361, -2.978,  0.183,  0.129,  0.000,  0.000,  0.250
310.000, 31.222,  0.000, 27.144,-10.689, -9.829,  0.000,  0.000,  0.000,  0.000,  0.000,  0.000,  4.000, 66.000, 68.000, 49.000, 20.000, 77.000,-28.160, 18.000, 10.000, -4.000,-1020.000,  0.196, -0.128,  0.361, -2.978,  0.183,  0.129,  0.000,  0.000,  0.250
311.000, 31.324,  0.000, 27.144,-10.689, -9.829,  0.000,  0.000,  0.000,  0.000,  0.000,  0.000,  4.000, 66.000, 68.000, 44.000, 20.000, 77.000,-28.240, 18.000, -3.000, -6.000,-1013.000,  0.196, -0.128,  0.361, -2.978,  0.183,  0.129,  0.000,  0.000,  0.250
312.000, 31.428,  0.000, 27.144,-10.689, -9.829,  0.000,  0.000,  0.000,  0.000,  0.000,  0.000,  4.000, 66.000, 68.000, 40.000, 10.000, 77.000,-28.290, 18.000,  0.000, -1.000,-1005.000,  0.196, -0.128,  0.361, -2.978,  0.183,  0.129,  0.000,  0.000,  0.250
313.000, 31.536,  0.000, 27.144,-10.689, -9.829,  0.000,  0.000,  0.000,  0.000,  0.000,  0.000,  4.000, 66.000, 68.000, 36.000, 10.000, 77.000,-28.300, 18.000, -1.000, -5.000,-998.000,  0.196, -0.128,  0.361, -2.978,  0.183,  0.129,  0.000,  0.000,  0.250
314.000, 31.642,  0.000, 27.144,-10.689, -9.829,  0.000,  0.000,  0.000,  0.000,  0.000,  0.000,  4.000, 66.000, 68.000, 31.000,  0.000, 77.000,-28.280, 18.000,  8.000,-10.000,-1011.000,  0.196, -0.128,  0.361, -2.978,  0.183,  0.129,  0.000,  0.000,  0.250
315.000, 31.731,  0.000, 27.144,-10.689, -9.829,  0.000,  0.000,  0.000,  0.000,  0.000,  0.000,  4.000, 66.000, 68.000, 27.000,  0.000, 77.000,-28.310, 18.000, -4.000, -6.000,-990.000,  0.196, -0.128,  0.361, -2.978,  0.183,  0.129,  0.000,  0.000,  0.250
316.000, 31.834,  0.000, 27.144,-10.689, -9.829,  0.000,  0.000,  0.000,  0.000,  0.000,  0.000,  4.000, 65.000, 68.000, 22.000,  0.000, 77.000,-28.460, 18.000,-20.000, -2.000,-1012.000,  0.196, -0.128,  0.361, -2.978,  0.183,  0.129,  0.000,  0.000,  0.250
317.000, 31.939,  0.000, 27.144,-10.689, -9.829,  0.000,  0.000,  0.000,  0.000,  0.000,  0.000,  4.000, 65.000, 68.000, 17.000,  0.000, 77.000,-28.750, 18.000, 19.000,-24.000,-1004.000,  0.196, -0.128,  0.361, -2.978,  0.183,  0.129,  0.000,  0.000,  0.250
318.000, 32.042,  0.000, 27.144,-10.689, -9.829,  0.000,  0.000,  0.000,  0.000,  0.000,  0.000,  4.000, 65.000, 68.000, 12.000,  0.000, 77.000,-29.160, 18.000, -2.000,-16.000,-1019.000,  0.196, -0.128,  0.361, -2.978,  0.183,  0.129,  0.000,  0.000,  0.250
319.000, 32.142,  0.000, 27.144,-10.689, -9.829,  0.000,  0.000,  0.000,  0.000,  0.000,  0.000,  4.000, 65.000, 68.000, 10.000,-10.000, 77.000,-29.910, 18.000, -5.000,-11.000,-1046.000,  0.196, -0.128,  0.361, -2.978,  0.183,  0.129,  0.000,  0.000,  0.250
320.000, 32.244,  0.000, 27.144,-10.689, -9.829,  0.000,  0.000,  0.000,  0.000,  0.000,  0.000,  3.000, 65.000, 68.000, 10.000,-10.000, 77.000,-31.000, 19.000,-17.000,-12.000,-1049.000,  0.196, -0.128,  0.361, -2.978,  0.183,  0.129,  0.000,  0.000,  0.250
321.000, 32.349,  0.000, 27.144,-10.689, -9.829,  0.000,  0.000,  0.000,  0.000,  0.000,  0.000,  3.000, 65.000, 68.000, 10.000,-20.000, 77.000,-32.440, 19.000,  7.000,-24.000,-1068.000,  0.196, -0.128,  0.361, -2.978,  0.183,  0.129,  0.000,  0.000,  0.250
322.000, 32.450,  0.000, 27.144,-10.689, -9.829,  0.000,  0.000,  0.000,  0.000,  0.000,  1.000, -1.000, 65.000, 68.000, 10.000,-20.000, 77.000,-30.730, 19.000, 29.000,-16.000,-880.000,  0.196, -0.128,  0.361, -2.978,  0.183,  0.129,  0.000,  0.000,  0.250
323.000, 32.549,  0.000, 27.144,-10.689, -9.829,  0.000, -1.000, -1.000,  0.000,  0.000,  1.000,  0.000, 65.000, 68.000, 10.000,-20.000, 77.000,-31.400, 19.000, -9.000, 13.000,-726.000,  0.196, -0.128,  0.361, -2.978,  0.183,  0.129,  0.000,  0.000,  0.250
324.000, 32.655,  0.000, 27.144,-10.689, -9.829,  0.000,  0.000,  0.000,  0.000,  1.000,  1.000,  0.000, 65.000, 68.000, 10.000,-20.000, 77.000,-30.900, 19.000,-10.000, 19.000,-761.000,  0.196, -0.128,  0.361, -2.978,  0.183,  0.129,  0.000,  0.000,  0.250
325.000, 32.752,  0.000, 27.144,-10.689, -9.829,  0.000,  0.000,  0.000,  0.000,  1.000,  1.000,  0.000, 65.000, 68.000, 10.000,-10.000, 77.000,-30.960, 19.000, 70.000,-107.000,-1029.000,  0.196, -0.128,  0.361, -2.978,  0.183,  0.129,  0.000,  0.000,  0.250
326.000, 32.854,  0.000, 27.144,-10.689, -9.829,  0.000,  0.000,  0.000,  0.000,  1.000,  1.000,  0.000, 66.000, 69.000, 10.000,-10.000, 77.000,-30.160, 19.000,  3.000, 18.000,-992.000,  0.196, -0.128,  0.361, -2.978,  0.183,  0.129,  0.000,  0.000,  0.250
327.000, 32.960,  0.000, 27.144,-10.689, -9.829,  0.000,  0.000,  0.000,  0.000,  1.000,  1.000,  0.000, 66.000, 69.000, 10.000,-10.000, 77.000,-29.800, 19.000, 19.000, 16.000,-999.000,  0.196, -0.128,  0.361, -2.978,  0.183,  0.129,  0.000,  0.000,  0.250
328.000, 33.060,  0.000, 27.144,-10.689, -9.829,  0.000,  0.000,  0.000,  0.000,  1.000,  1.000,  0.000, 66.000, 69.000, 10.000,-10.000, 77.000,-29.580, 19.000, 10.000, 16.000,-995.000,  0.196, -0.128,  0.361, -2.978,  0.183,  0.129,  0.000,  0.000,  0.250
329.000, 33.161,  0.000, 27.144,-10.689, -9.829,  0.000,  0.000,  0.000,  0.000,  1.000,  1.000,  0.000, 66.000, 69.000, 10.000,-10.000, 77.000,-29.490, 19.000, 12.000, 17.000,-1001.000,  0.196, -0.128,  0.361, -2.978,  0.183,  0.129,  0.000,  0.000,  0.250
330.000, 33.262,  0.000, 27.144,-10.689, -9.829,  0.000,  0.000,  0.000,  0.000,  1.000,  1.000,  0.000, 66.000, 69.000, 10.000,-10.000, 77.000,-29.400, 20.000, 12.000, 15.000,-1002.000,  0.196, -0.128,  0.361, -2.978,  0.183,  0.129,  0.000,  0.000,  0.250
331.000, 33.365,  0.000, 27.144,-10.689, -9.829,  0.000,  0.000,  0.000,  0.000,  1.000,  1.000,  0.000, 66.000, 69.000, 10.000,-10.000, 77.000,-29.350, 20.000, 15.000, 16.000,-1000.000,  0.196, -0.128,  0.361, -2.978,  0.183,  0.129,  0.000,  0.000,  0.250
332.000, 33.467,  0.000, 27.144,-10.689, -9.829,  0.000,  0.000,  0.000,  0.000,  1.000,  1.000,  0.000, 66.000, 69.000, 10.000,  0.000, 77.000,-29.150, 20.000,  7.000, 16.000,-999.000,  0.196, -0.128,  0.361, -2.978,  0.183,  0.129,  0.000,  0.000,  0.250
333.000, 33.568,  0.000, 27.144,-10.689, -9.829,  0.000,  0.000,  0.000,  0.000,  1.000,  1.000,  1.000, 66.000, 69.000, 10.000,  0.000, 77.000,-29.040, 20.000, 10.000, 19.000,-992.000,  0.196, -0.128,  0.361, -2.978,  0.183,  0.129,  0.000,  0.000,  0.250
334.000, 33.671,  0.000, 27.144,-10.689, -9.829,  0.000,  0.000,  0.000,  0.000,  2.000,  2.000,  1.000, 66.000, 69.000, 10.000,  0.000, 77.000,-28.900, 20.000, 11.000, 16.000,-999.000,  0.196, -0.128,  0.361, -2.978,  0.183,  0.129,  0.000,  0.000,  0.250
335.000, 33.773,  0.000, 27.144,-10.689, -9.829,  0.000,  0.000,  0.000,  0.000,  2.000,  2.000,  1.000, 66.000, 69.000, 10.000,  0.000, 77.000,-28.840, 20.000, 11.000,  9.000,-990.000,  0.196, -0.128,  0.361, -2.978,  0.183,  0.129,  0.000,  0.000,  0.250
336.000, 33.899,  0.000, 27.144,-10.689, -9.829,  0.000,  0.000,  0.000,  0.000,  2.000,  2.000,  1.000, 66.000, 68.000, 10.000,  0.000, 77.000,-28.790, 20.000, 16.000,  7.000,-1001.000,  0.196, -0.128,  0.361, -2.978,  0.183,  0.129,  0.000,  0.000,  0.250
337.000, 33.976,  0.000, 27.144,-10.689, -9.829,  0.000,  0.000,  0.000,  0.000,  0.000,  0.000,  0.000, 66.000, 68.000, 10.000,  0.000, 77.000,-28.780, 20.000,  6.000, 20.000,-990.000,  0.196, -0.128,  0.361, -2.978,  0.183,  0.129,  0.000,  0.000,  0.250
338.000, 34.079,  0.000, 27.144,-10.689, -9.829,  0.000,  0.000,  0.000,  0.000,  0.000,  0.000,  0.000, 66.000, 68.000, 10.000,  0.000, 77.000,-28.780, 20.000,  9.000, 20.000,-997.000,  0.196, -0.128,  0.361, -2.978,  0.183,  0.129,  0.000,  0.000,  0.250
339.000, 34.181,  0.000, 27.144,-10.689, -9.829,  0.000,  0.000,  0.000,  0.000,  0.000,  0.000,  0.000, 66.000, 68.000, 10.000,  0.000, 77.000,-28.780, 20.000, 10.000, 15.000,-997.000,  0.196, -0.128,  0.361, -2.978,  0.183,  0.129,  0.000,  0.000,  0.250
340.000, 34.283,  0.000, 27.144,-10.689, -9.829,  0.000,  0.000,  0.000,  0.000,  0.000,  0.000,  0.000, 66.000, 68.000, 10.000,  0.000, 77.000,-28.760, 20.000,  7.000, 16.000,-991.000,  0.196, -0.128,  0.361, -2.978,  0.183,  0.129,  0.000,  0.000,  0.250
341.000, 34.347,  0.000, 27.144,-10.689, -9.829,  0.000,  0.000,  0.000,  0.000,  0.000,  0.000,  0.000, 66.000, 68.000, 10.000,  0.000, 77.000,-28.760, 20.000,  9.000, 16.000,-994.000,  0.196, -0.128,  0.361, -2.978,  0.183,  0.129,  0.000,  0.000,  0.250
342.000, 34.452,  0.000, 27.144,-10.689, -9.829,  0.000,  0.000,  0.000,  0.000,  0.000,  0.000,  0.000, 66.000, 68.000, 10.000,  0.000, 77.000,-28.760, 20.000,  7.000, 17.000,-996.000,  0.196, -0.128,  0.361, -2.978,  0.183,  0.129,  0.000,  0.000,  0.250
343.000, 34.538,  0.000, 27.144,-10.689, -9.829,  0.000,  0.000,  0.000,  0.000,  0.000,  0.000,  0.000, 66.000, 68.000, 10.000,  0.000, 77.000,-28.740, 20.000,  8.000, 14.000,-997.000,  0.196, -0.128,  0.361, -2.978,  0.183,  0.129,  0.000,  0.000,  0.250
344.000, 34.640,  0.000, 27.144,-10.689, -9.829,  0.000,  0.000,  0.000,  0.000,  0.000,  0.000,  0.000, 66.000, 68.000, 10.000,  0.000, 77.000,-28.760, 20.000, 10.000, 15.000,-995.000,  0.196, -0.128,  0.361, -2.978,  0.183,  0.129,  0.000,  0.000,  0.250
345.000, 34.742,  0.000, 27.144,-10.689, -9.829,  0.000,  0.000,  0.000,  0.000,  0.000,  0.000,  0.000, 66.000, 68.000, 10.000,  0.000, 77.000,-28.700, 20.000,  8.000, 15.000,-999.000,  0.196, -0.128,  0.361, -2.978,  0.183,  0.129,  0.000,  0.000,  0.250
346.000, 34.844,  0.000, 27.144,-10.689, -9.829,  0.000,  0.000,  0.000,  0.000,  0.000,  0.000,  0.000, 65.000, 68.000, 10.000,  0.000, 77.000,-28.750, 20.000,  8.000, 15.000,-999.000,  0.196, -0.128,  0.361, -2.978,  0.183,  0.129,  0.000,  0.000,  0.250
347.000, 34.946,  0.000, 27.144,-10.689, -9.829,  0.000,  0.000,  0.000,  0.000,  0.000,  0.000,  0.000, 65.000, 68.000, 10.000,  0.000, 77.000,-28.790, 20.000, 11.000, 13.000,-996.000,  0.196, -0.128,  0.361, -2.978,  0.183,  0.129,  0.000,  0.000,  0.250
348.000, 35.049,  0.000, 27.144,-10.689, -9.829,  0.000,  0.000,  0.000,  0.000,  0.000,  0.000,  0.000, 65.000, 68.000, 10.000,  0.000, 77.000,-28.770, 20.000,  9.000, 15.000,-999.000,  0.196, -0.128,  0.361, -2.978,  0.183,  0.129,  0.000,  0.000,  0.250
349.000, 35.150,  0.000, 27.144,-10.689, -9.829,  0.000,  0.000,  0.000,  0.000,  0.000,  0.000,  0.000, 65.000, 68.000, 10.000,  0.000, 77.000,-28.760, 20.000,  8.000, 14.000,-994.000,  0.196, -0.128,  0.361, -2.978,  0.183,  0.129,  0.000,  0.000,  0.250
350.000, 35.252,  0.000, 27.144,-10.689, -9.829,  0.000,  0.000,  0.000,  0.000,  0.000,  0.000,  0.000, 65.000, 68.000, 10.000,  0.000, 77.000,-28.740, 20.000,  9.000, 15.000,-995.000,  0.196, -0.128,  0.361, -2.978,  0.183,  0.129,  0.000,  0.000,  0.250
351.000, 35.356,  0.000, 27.144,-10.689, -9.829,  0.000,  0.000,  0.000,  0.000,  0.000,  0.000,  0.000, 65.000, 68.000, 10.000,  0.000, 77.000,-28.750, 20.000,  8.000, 15.000,-997.000,  0.196, -0.128,  0.361, -2.978,  0.183,  0.129,  0.000,  0.000,  0.250
352.000, 35.464,  0.000, 27.144,-10.689, -9.829,  0.000,  0.000,  0.000,  0.000,  0.000,  0.000,  0.000, 65.000, 68.000, 10.000,  0.000, 77.000,-28.790, 20.000,  9.000, 15.000,-997.000,  0.196, -0.128,  0.361, -2.978,  0.183,  0.129,  0.000,  0.000,  0.250
353.000, 35.559,  0.000, 27.144,-10.689, -9.829,  0.000,  0.000,  0.000,  0.000,  0.000,  0.000,  0.000, 65.000, 68.000, 10.000,  0.000, 77.000,-28.760, 20.000,  9.000, 13.000,-996.000,  0.196, -0.128,  0.361, -2.978,  0.183,  0.129,  0.000,  0.000,  0.250
354.000, 35.662,  0.000, 27.144,-10.689, -9.829,  0.000,  0.000,  0.000,  0.000,  0.000,  0.000,  0.000, 65.000, 68.000, 10.000,  0.000, 77.000,-28.720, 20.000,  6.000, 17.000,-996.000,  0.196, -0.128,  0.361, -2.978,  0.183,  0.129,  0.000,  0.000,  0.250
355.000, 35.763,  0.000, 27.144,-10.689, -9.829,  0.000,  0.000,  0.000,  0.000,  0.000,  0.000,  0.000, 65.000, 68.000, 10.000,  0.000, 77.000,-28.750, 20.000,  9.000, 14.000,-997.000,  0.196, -0.128,  0.361, -2.978,  0.183,  0.129,  0.000,  0.000,  0.250
356.000, 35.873,  0.000, 27.144,-10.689, -9.829,  0.000,  0.000,  0.000,  0.000,  0.000,  0.000,  0.000, 66.000, 68.000, 10.000,  0.000, 77.000,-28.780, 20.000,  9.000, 14.000,-998.000,  0.196, -0.128,  0.361, -2.978,  0.183,  0.129,  0.000,  0.000,  0.250
357.000, 35.967,  0.000, 27.144,-10.689, -9.829,  0.000,  0.000,  0.000,  0.000,  0.000,  0.000,  0.000, 66.000, 68.000, 10.000,  0.000, 77.000,-28.740, 20.000,  7.000, 16.000,-997.000,  0.196, -0.128,  0.361, -2.978,  0.183,  0.129,  0.000,  0.000,  0.250
358.000, 36.070,  0.000, 27.144,-10.689, -9.829,  0.000,  0.000,  0.000,  0.000,  0.000,  0.000,  0.000, 66.000, 68.000, 10.000,  0.000, 77.000,-28.790, 20.000,  8.000, 17.000,-998.000,  0.196, -0.128,  0.361, -2.978,  0.183,  0.129,  0.000,  0.000,  0.250
359.000, 36.171,  0.000, 27.144,-10.689, -9.829,  0.000,  0.000,  0.000,  0.000,  0.000,  0.000,  0.000, 66.000, 68.000, 10.000,  0.000, 77.000,-28.800, 20.000,  9.000, 15.000,-999.000,  0.196, -0.128,  0.361, -2.978,  0.183,  0.129,  0.000,  0.000,  0.250
360.000, 36.274,  0.000, 27.144,-10.689, -9.829,  0.000,  0.000,  0.000,  0.000,  0.000,  0.000,  0.000, 66.000, 68.000, 10.000,  0.000, 77.000,-28.740, 20.000,  9.000, 15.000,-999.000,  0.196, -0.128,  0.361, -2.978,  0.183,  0.129,  0.000,  0.000,  0.250
361.000, 36.376,  0.000, 27.144,-10.689, -9.829,  0.000,  0.000,  0.000,  0.000,  0.000,  0.000,  0.000, 66.000, 68.000, 10.000,  0.000, 77.000,-28.780, 20.000,  7.000, 14.000,-999.000,  0.196, -0.128,  0.361, -2.978,  0.183,  0.129,  0.000,  0.000,  0.250
362.000, 36.477,  0.000, 27.144,-10.689, -9.829,  0.000,  0.000,  0.000,  0.000,  0.000,  0.000,  0.000, 66.000, 68.000, 10.000,  0.000, 77.000,-28.730, 20.000,  9.000, 15.000,-999.000,  0.196, -0.128,  0.361, -2.978,  0.183,  0.129,  0.000,  0.000,  0.250
363.000, 36.578,  0.000, 27.144,-10.689, -9.829,  0.000,  0.000,  0.000,  0.000,  0.000,  0.000,  0.000, 66.000, 68.000, 10.000,  0.000, 77.000,-28.720, 20.000,  8.000, 14.000,-997.000,  0.196, -0.128,  0.361, -2.978,  0.183,  0.129,  0.000,  0.000,  0.250
364.000, 36.681,  0.000, 27.144,-10.689, -9.829,  0.000,  0.000,  0.000,  0.000,  0.000,  0.000,  0.000, 66.000, 68.000, 10.000,  0.000, 77.000,-28.740, 20.000,  7.000, 14.000,-998.000,  0.196, -0.128,  0.361, -2.978,  0.183,  0.129,  0.000,  0.000,  0.250
365.000, 36.783,  0.000, 27.144,-10.689, -9.829,  0.000,  0.000,  0.000,  0.000,  0.000,  0.000,  0.000, 66.000, 68.000, 10.000,  0.000, 77.000,-28.720, 20.000, 10.000, 15.000,-994.000,  0.196, -0.128,  0.361, -2.978,  0.183,  0.129,  0.000,  0.000,  0.250
366.000, 36.884,  0.000, 27.144,-10.689, -9.829,  0.000,  0.000,  0.000,  0.000,  0.000,  0.000,  0.000, 66.000, 69.000, 10.000,  0.000, 77.000,-28.730, 20.000, 10.000, 14.000,-999.000,  0.196, -0.128,  0.361, -2.978,  0.183,  0.129,  0.000,  0.000,  0.250
367.000, 36.987,  0.000, 27.144,-10.689, -9.829,  0.000,  0.000,  0.000,  0.000,  0.000,  0.000,  0.000, 66.000, 69.000, 10.000,  0.000, 77.000,-28.730, 20.000,  7.000, 16.000,-998.000,  0.196, -0.128,  0.361, -2.978,  0.183,  0.129,  0.000,  0.000,  0.250
368.000, 37.090,  0.000, 27.144,-10.689, -9.829,  0.000,  0.000,  0.000,  0.000,  0.000,  0.000,  0.000, 66.000, 69.000, 10.000,  0.000, 77.000,-28.730, 20.000,  9.000, 15.000,-997.000,  0.196, -0.128,  0.361, -2.978,  0.183,  0.129,  0.000,  0.000,  0.250
369.000, 37.192,  0.000, 27.144,-10.689, -9.829,  0.000,  0.000,  0.000,  0.000,  0.000,  0.000,  0.000, 66.000, 69.000, 10.000,  0.000, 77.000,-28.750, 20.000,  9.000, 16.000,-996.000,  0.196, -0.128,  0.361, -2.978,  0.183,  0.129,  0.000,  0.000,  0.250
370.000, 37.318,  0.000, 27.144,-10.689, -9.829,  0.000,  0.000,  0.000,  0.000,  0.000,  0.000,  0.000, 66.000, 69.000, 10.000,  0.000, 77.000,-28.730, 20.000,  7.000, 14.000,-998.000,  0.196, -0.128,  0.361, -2.978,  0.183,  0.129,  0.000,  0.000,  0.250
371.000, 37.394,  0.000, 27.144,-10.689, -9.829,  0.000,  0.000,  0.000,  0.000,  0.000,  0.000,  0.000, 66.000, 69.000, 10.000,  0.000, 77.000,-28.750, 20.000, 10.000, 15.000,-998.000,  0.196, -0.128,  0.361, -2.978,  0.183,  0.129,  0.000,  0.000,  0.250
372.000, 37.496,  0.000, 27.144,-10.689, -9.829,  0.000,  0.000,  0.000,  0.000,  0.000,  0.000,  0.000, 66.000, 69.000, 10.000,  0.000, 77.000,-28.710, 20.000,  9.000, 16.000,-997.000,  0.196, -0.128,  0.361, -2.978,  0.183,  0.129,  0.000,  0.000,  0.250
