 0.45658619462453565

 0.459145324663514

 0.4585418789290385

 0.45614709333676506

 0.4512499246298231

 0.45177430918942374

 0.45041173218846187

 0.4524695320646872

 0.45044124094492666

 0.45006113811580817

 0.45090270450315506

 0.45263654910988754

 0.45097328700222133

 0.4444084014795846

 0.44582995248873225

 0.4426659163631839

 0.4483140988599172

 0.4452997059549993

 0.44303325030832547

 0.44022724792259166

 0.4383417822741215

 0.43375387369357765

 0.43668774105892283

 1.7806894049179052

 0.4318389207592403

 0.43424861920596913

 0.43351998217384285

 0.43113965158596207

 0.42563748634574544

 0.42601670888940124

 0.4263765993204444

 0.4229889911893238

 0.42303453887488707

 0.41618650115024897

 0.41247152949909455

 0.41051981257577386

 0.4087335088487238

 0.4049246717421372

 0.4022182342727396

 0.3989907738477544

 0.3968122033508224

 0.3930507584806503

 0.39155276420152035

 0.38786491371464166

 0.38543046909048795

 0.3804488071038479

 0.3781324388641983

 0.37537631630337176

 0.3736222471101678

 0.3697531677529634

 0.3677671273684749

 0.3652164158498963

 0.36239197456878547

 0.3573429562885822

 0.35751908986713654

 0.3550603109822466

 0.352607107708712

 0.35027129808912305

 0.3447338388513448

 0.3414270700214384

 0.33977222022416675

 0.33776292311053613

 0.3332505644621604

 0.3307092346941426

 0.32689572001078027

 0.32526529949514893

 0.32178872697316363

 0.31894258352687427

 0.31644847301645057

 0.31362781389823546

 0.3102974225115055

 0.30846148211933566

 0.3058131405354451

 0.30434488207697624

 0.30090269495829486

 0.29739009135521643

 0.29536872565949723

 0.29389958475493216

 0.29022914849239717

 0.28481912758418965

 0.28503137990213867

 0.2802942843739011

 0.27696166163676184

 0.2747040118015597

 0.27024887419524396

 0.268523059753329

 0.2655289717647835

 0.26254567482036767

 0.259932284065091

 0.255384940562272

 0.25480522674075196

 0.2522397761913034

 0.25039396328568836

 0.2477448837247435

 0.245705203390259

 0.24329626227462012

 0.2426863743923982

 0.24047320291430468

 0.23812234486237266

 0.2382875707202983

 0.23578888112960986

 0.23563659894766584

 0.23350842505730585

 0.2322579452796496

 0.22981213276153714

 0.2301783626990795

 0.22764661021093988

 0.22880341304984897

 0.22577831379556865

 0.2244540537659419

 0.2244197671971832

 0.2238690357443876

 0.2231402826286734

 0.22144000575316802

 0.9871103496920909

 0.21964160802605656

 0.21867333770990982

 0.2170993539538579

 0.2178540223983693

 0.2145768750619076

 0.21499690050150494

 0.21317079706723263

 0.20214793775160522

 0.2016596271152679

 0.200561531692499

 0.19689110408016272

 0.1958595480329718

 0.19485352453149268

 0.19380371734873017

 0.1925538724011653

 0.1912966707788781

 0.19014385399359268

 0.18924637988173965

 0.18830456351442384

 0.18712883435319036

 0.1862413848704921

 0.18484515487116587

 0.18364478212119925

 0.18197045122144498

 0.18052273025396492

 0.17883758865724958

 0.17788321218575157

 0.17566844954290825

 0.17409091544617805

 0.17196096694513338

 0.17030904791501136

 0.1683715015665199

 0.16656767421713758

 0.16423992361191325

 0.16191917868715439

 0.16049344595066123

 0.15843782459870878

 0.15654646266602096

 0.15580860265861507

 0.15447868206976062

 0.15336599940623433

 0.15209161953069408

 0.15136241577604592

 0.15018750498846137

 0.14988405364670015

 0.14916812791450323

 0.14857315023448414

 0.14761335846078427

 0.1475611663122683

 0.14727381295380268

 0.14700352657818225

 0.14687675935636435

 0.14585514544744008

 0.14537251135630733

 0.1444837946214916

 0.14477650846328075

 0.14363781883728444

 0.1424458500361606

 0.14163513364672045

 0.14067456922826702

 0.14011641252875426

 0.13877194244981575

 0.1375857543112997

 0.13622457637059301

 0.13462095330940996

 0.13290988371690202

 0.13132591303874716

 0.1301834464261153

 0.1282652949680103

 0.12687894035642627

 0.12551294565977572

 0.12460046538106012

 0.12343182736081666

 0.12287371039967167

 0.12128623853991727

 0.12016014788666321

 0.11917757652669572

 0.11811962789816156

 0.11688887582490017

 0.11612604722613512

 0.11500273571282209

 0.11377505973978652

