 0.4531580171146349

 0.4531580171146349

 0.4494713068710986

 0.4494713068710986

 0.4462247100767628

 0.4462247100767628

 0.4446418208481886

 0.4446418208481886

 0.4440022858963526

 0.4440022858963526

 0.4450556293443534

 0.4450556293443534

 0.44192065852748874

 0.44192065852748874

 0.44192958788902176

 0.44192958788902176

 0.43692574632983905

 0.43692574632983905

 0.4322558076547549

 0.4322558076547549

 0.4274452355199562

 0.4274452355199562

 0.4223916241075031

 0.4223916241075031

 0.419112366002016

 0.419112366002016

 0.4125859307487659

 0.4125859307487659

 0.40735963877370096

 0.40735963877370096

 0.4034821222712559

 0.4034821222712559

 0.39337260789480805

 0.39337260789480805

 0.38502753737969586

 0.38502753737969586

 0.37409544598773836

 0.3639650579098585

 0.3639650579098585

 0.3583963253048719

 0.3583963253048719

 0.3488480073635125

 0.3383854367652267

 0.32960900863017945

 0.3204909711156754

 0.3204909711156754

 0.3134517396836134

 0.3134517396836134

 0.2885122854116351

 0.2885122854116351

 0.27947552382963753

 0.27947552382963753

 0.2687287420327231

 0.2687287420327231

 0.2580710874067915

 0.2580710874067915

 0.2479580730884535

 0.2479580730884535

 0.24046449980453036

 0.24046449980453036

 0.23132149389547263

 0.23132149389547263

 0.2245117253601045

 0.2245117253601045

 0.2198517409197108

 0.2198517409197108

 0.21295100558527372

 0.21295100558527372

 0.20149333671811123

 0.20149333671811123

 0.1945915407432164

 0.1945915407432164

 0.18803825087853393

 0.18803825087853393

 0.15181377218240374

 0.15181377218240374

 0.14650293567871361

 0.14650293567871361

 0.14125609479023576

 0.14125609479023576

 0.13718418697443246

 0.13718418697443246

 0.13381826185949905

 0.13381826185949905

 0.13043679750108564

 0.13043679750108564

 0.12616111741508682

 0.12616111741508682

 0.12310659264754889

 0.12310659264754889

 0.11931624105834404

 0.11931624105834404

 0.11515748878630169

 0.11515748878630169

 0.11256755422727278

 0.11256755422727278

 0.10927738921354697

 0.10927738921354697

 0.10645241978188817

 0.10645241978188817

 0.10300828765632038

 0.10300828765632038

 0.10073472484682348

 0.09505713875576449

 0.0927263808988382

 0.0927263808988382

