 0.4181230466125173

 0.4136925522001861

 0.41781419814749826

 0.41837839525280623

 0.4179109783552131

 0.4148349032055454

 0.4093257984155202

 0.41080177242729776

 0.40514154976769834

 0.40694485791287144

 0.40467904247859876

 0.40840770393237363

 0.4108592686748772

 0.4080590712444825

 0.40800401625043803

 0.4080750455465747

 0.402229853332473

 0.4034661287692278

 0.39899997126020464

 0.39452207037534354

 0.390794215036576

 0.3874766567057365

 0.39172030089616894

 0.38490105236510297

 0.3827104928800806

 0.38164514029301166

 0.3754460746690287

 0.3739729231895133

 0.372353931305622

 0.3683432720050352

 0.3671789094897367

 0.36362584204048587

 0.364450588991357

 0.3588179582437955

 0.35335326360558716

 0.35012070800767003

 0.3474287796405941

 0.3446873260711459

 0.3371292378335515

 0.33248639854881035

 0.32835427295762926

 0.32691219876780253

 0.32406729236059273

 0.31884601207279745

 0.3153783549367056

 0.3119011489381862

 0.3079621288538823

 0.30932684075653233

 0.3041919527187754

 0.2999330118199326

 0.29704418461754123

 0.2969180878705648

 0.2933857834711119

 0.2905017244110364

 0.28712817248703826

 0.28315317666651657

 0.2808412412284531

 0.2777091245137467

 0.27105864930956575

 0.25705511239246664

 0.25212546301513966

 0.25048763414262853

 0.2457854859003142

 0.2436982822027213

 0.23882894271944574

 0.23665666711815614

 0.2345372309467942

 0.2326295633310384

 0.2286222520139738

 0.22703878563288668

 0.22367041729662673

 0.22210205526731264

 0.21932611007034217

 0.2172768427197946

 0.21476329458521914

 0.21337861456658477

 0.2105692589847277

 0.20861309511306178

 0.2059293927219048

 0.20472047055296103

 0.20209607458531292

 0.1999165397474206

 0.19764269756957556

 0.19485903775055974

 0.1924310662890865

 0.1898556453777726

 0.18673450988813622

 0.18448496182629198

 0.17966929708305146

 0.1770260151906196

 0.17331583521285365

 0.16977496509388956

 0.1672170119999345

 0.1647170966357508

 0.1611946875494777

 0.15850305063626638

 0.1555779727863315

 0.1524324424605958

 0.1497326364025775

 0.1474395982300867

 0.14470280973149582

 0.1419654378975056

 0.1403200356350895

 0.1377170660204614

 0.1358389705424353

 0.1339021592518989

 0.131766528799998

 0.12998086254284316

 0.12753424103459282

 0.1260897435040803

 0.12414494406763703

 0.12273126407575397

 0.12090183377626158

 0.11977301309066168

 0.11836850529422892

 0.1170821942295504

 0.1153279238711956

 0.11393553843763356

 0.0868663768994015

 0.08648172639701289

 0.08590992892362054

 0.08556987693440506

 0.08496402187786328

 0.08448304851647301

 0.08382560939753116

 0.08333954322539236

 0.0828000801054904

 0.08230749364118112

 0.08158381654853436

 0.08111066673607292

 0.08046641123735375

 0.07995331365757959

 0.07939637232965326

 0.07889464550810588

 0.08304813629963805

 0.08235050681162652

 0.07820340142700155

 0.07398517500921051

 0.07378977344811918

 0.07390713476680481

 0.0738584802742673

 0.07370357235695799

 0.0732663044473454

 0.07288617429853336

 0.07235241095649225

 0.07183927497618553

 0.07138860726786815

 0.07087360834732805

 0.07035972467482474

 0.06979064155947468

 0.06933620410039591

 0.06886828509238865

 0.06842058446265616

 0.06816180118278117

 0.06798326628283084

 0.0677648635778044

 0.0676332816845219

 0.06742927126879829

 0.06726323068599781

 0.0671364923443366

 0.06687480252053404

 0.06682052213305356

 0.0666809378404599

 0.06654277706037875

 0.06651514969768552

 0.06645531521496448

 0.06638969950409938

 0.06637624030446998

 0.0664902639215333

 0.06635073025490293

 0.0662274308219684

 0.06610085938986161

 0.06587596082985343

 0.06557488670345653

 0.06521570560556045

 0.06491647749458583

 0.06466385534346988

 0.06445016157716264

 0.06423553070873744

 0.06411458012136834

 0.06373737400766771

 0.0638181049567326

 0.06385126534327497

 0.06385386438707255

 0.06405277406657388

 0.06429973504703766

 0.06454131349808985

 0.06457852879926357

 0.0643373204914766

 0.06425856366509129

 0.06420290388695135

 0.06422379557878508

 0.06417901697908546

 0.06388726662832486

 0.06340474114367697

 0.06303325610073691

 0.06266581664487357

 0.062392701947788856

 0.06195896035419269

 0.06160695768207685

 0.061276049370380704

 0.060704970736514305

 0.06041097441263355

 0.0600659406789181

 0.059623258293375676

 0.05925651056308782

 0.05883825450804253

 0.058343257240486786

 0.06056321288723698

 0.05736664241197657

 0.056988399493880244

 0.05666812894528405

 0.0562694939532106

 0.058422610521984726

