 0.4571567809979908

 0.4635135019707037

 0.4562431021117355

 0.4580699956636599

 0.4581414186561804

 0.46107704854591736

 0.4587574557929662

 0.4607225777064654

 0.45866932912718666

 0.4630594900348408

 0.45567456703731124

 0.4571037767430514

 0.45607700294227743

 0.4553535977542018

 0.4507285088782641

 0.45448599721320004

 0.45160026291216715

 0.4522488588386588

 0.4451259615638681

 0.44531476681363574

 0.44163279614903933

 0.4394708490538845

 0.4420047939306478

 0.4360798760252089

 0.43010968362823665

 0.4274935699660134

 0.4279270600903941

 0.424760820707211

 0.4211035477443015

 0.41695234118922236

 0.4133010372483807

 0.40769872020152875

 0.40554965416983957

 0.4011505209733131

 0.3987897725411367

 0.39525050675911383

 0.39372988035824125

 0.38927105768489445

 0.38872699419897166

 0.3787135475306071

 0.37708220624154426

 0.3701173315749786

 0.36667562432219364

 0.36114240852939916

 0.3551370484379196

 0.3529239879472312

 0.34688851937333676

 0.3427305680930921

 0.3375395188247069

 0.33249333591878233

 0.32842516001660105

 0.32450749308028837

 0.3180107743701404

 0.3135749972812566

 0.30894982833739437

 0.3051302891095598

 0.2979583581976287

 0.29569347877368674

 0.29239214928673324

 0.2864456758875049

 0.28214925249867134

 0.2808011304517308

 0.2765862358553704

 0.272905009667926

 0.2699823710506105

 0.2655932442311061

 0.2614049143960794

 0.2587952842465701

 0.25438456309035745

 0.25143504941778877

 0.2492225205330038

 0.24568582198336364

 0.24295072745487203

 0.2381333196917878

 0.23540562750106758

 0.23084950814139213

 0.22777493674983862

 0.2251913199480765

 0.22042999740171407

 0.21750307052885437

 0.2142297749017146

 0.2105388316542298

 0.20756216245829953

 0.20313061404961977

 0.20103685619473266

 0.19799469924877008

 0.193881888576008

 0.1926034246285837

 0.18903348954112154

 0.1859421187239158

 0.18335131673727506

 0.18108974260150473

 0.17680186895851993

 0.1741622395057478

 0.17168797531021684

 0.1691439789157322

 0.166649315615092

 0.16447288562525222

0.16172429147512868

 0.15919689541823215

 0.1572472474533608

 0.15404788232649497

 0.14956502503994795

 0.14239930517004326

 0.09762403379032056

 0.09813007497689263

 0.0985462741468077

 0.09828577265212118

 0.09852509017260198

 0.09939060687668134

 0.09920139015662413

 0.0936753810785472

 0.10088186510093557

 0.09351091054610855

 0.093189961610194

 0.09875733093573714

 0.0923656776913587

