 0.40665938428820836

 0.39915142292199823

 0.39439158395223456

 0.3956495501349359

 0.39701477574046234

 0.39798417512169176

 0.39693986944767623

 0.3964013748737748

 0.39746280845792725

 0.3917626832654549

 0.3949386057850365

 0.3960132687007944

 0.3905834585595048

 0.3927528956269024

 0.3936417877058947

 0.38907851687923034

 0.386934205590973

 0.38724932052309013

 0.38224755450295633

 0.37922154104786787

 0.3813490199087276

 0.3744283767592031

 0.37166304622913665

 0.3682453335614305

 0.370099370737222

 0.36310937932554194

 0.359316344647641

 0.3545054530764575

 0.3495751003320145

 0.342307142721938

 0.3409307679969423

 0.33709661034488797

 0.33030719566416583

 0.32860924670387004

 0.32438655434126185

 0.3197431929784817

 0.3127035631310338

 0.3108852823828949

 0.3079759313598486

 0.3060289440814068

 0.2970917308743901

 0.2927261404838794

 0.28726567567583877

 0.2836028258799609

 0.2795067076205744

 0.27734402290480564

 0.27305953446073034

 0.26680349342795007

 0.26166207827255666

 0.2568436429037487

 0.25351129888693696

 0.2506085485706763

 0.2435864002802194

 0.24022365178459817

 0.23643091297620739

 0.23356763972460767

 0.22995528867728585

 0.2260326958721762

 0.22243471762658584

 0.21849270936137755

 0.21509341310560973

 0.21264131285175303

 0.2077599663859016

 0.20406082872681286

 0.2001199107412192

 0.19605902184282606

 0.1921927887738564

 0.18870936574760666

 0.1844645861548676

 0.18062472067826804

 0.1775366240807803

 0.1730327622379402

 0.16955363627153588

 0.16587121914691477

 0.16186566254751378

 0.15792421757353312

 0.15385932778575678

 0.15093918060898953

 0.1479580894825377

 0.14493859710186419

 0.14160690653134403

 0.13926999253471506

 0.1362560222876922

 0.13285263154765434

 0.1303001174166407

 0.12719449721176895

 0.12441709587914546

 0.12098949302793745

 0.11825705475299655

 0.11577945516133444

 0.11266635036269144

 0.11004374137160507

 0.10728315023374335

 0.09126951617378838

 0.09080419155095149

 0.09050353304547941

 0.09015683767892897

 0.08983971099291377

 0.08956414294605126

0.08928732150606009

 0.08878518073780191

 0.08829372837257848

 0.08782639512467265

 0.08724351627278705

 0.08650746836501569

 0.08565740081529144

 0.08469202435070951

 0.08349772122307814

 0.08231478526536287

 0.08098636926160081

 0.0798645180433966

 0.07891752257103295

 0.07774513674462392

 0.07667447096412795

 0.07564375722887073

 0.07467313183134101

 0.07373567738527023

 0.07266636697851417

 0.07178181859930016

 0.07095884603396828

 0.07030705907705599

 0.06823478869830014

 0.06774595132449752

 0.06717715298257572

 0.06652869627032827

